3.9999847412109375
0
-0.03460693359375
0
1.3284454345703125
0
0.084197998046875
0
3.967437744140625
0
-0.205078125
0
1.2896728515625
0
0.1505584716796875
0
3.870880126953125
0
-0.4243927001953125
0
1.2140350341796875
0
0.1657257080078125
0
3.7135162353515625
0
-0.6878204345703125
0
1.1052398681640625
0
0.1328582763671875
0
3.5005340576171875
0
-0.9887542724609375
0
0.9686737060546875
0
0.0569000244140625
0
3.23895263671875
0
-1.319061279296875
0
0.811126708984375
0
-0.0556640625
0
2.9373016357421875
0
-1.6692962646484375
0
0.640594482421875
0
-0.1970977783203125
0
2.6053619384765625
0
-2.029022216796875
0
0.4658966064453125
0
-0.3587188720703125
0
2.2537994384765625
0
-2.387237548828125
0
0.2963104248046875
0
-0.53131103515625
0
1.893707275390625
0
-2.73272705078125
0
0.141204833984375
0
-0.7055206298828125
0
1.5362701416015625
0
-3.05450439453125
0
0.0096282958984375
0
-0.8721771240234375
0
1.1923370361328125
0
-3.34222412109375
0
-0.090057373046875
0
-1.022735595703125
0
0.8719940185546875
0
-3.586517333984375
0
-0.1505279541015625
0
-1.149627685546875
0
0.5842437744140625
0
-3.7793731689453125
0
-0.1658782958984375
0
-1.24652099609375
0
0.3366851806640625
0
-3.9144287109375
0
-0.1317901611328125
0
-1.3086700439453125
0
0.1352386474609375
0
-3.98724365234375
0
-0.0457916259765625
0
-1.3330230712890625
0
-0.016082763671875
0
-3.995391845703125
0
0.09259033203125
0
-1.318389892578125
0
-0.115203857421875
0
-3.9385986328125
0
0.2818145751953125
0
-1.265472412109375
0
-0.1621246337890625
0
-3.818756103515625
0
0.5183258056640625
0
-1.1768798828125
0
-0.1587982177734375
0
-3.63983154296875
0
0.7966766357421875
0
-1.05694580078125
0
-0.109100341796875
0
-3.40771484375
0
1.1096649169921875
0
-0.9116363525390625
0
-0.018585205078125
0
-3.1300201416015625
0
1.4486083984375
0
-0.7482452392578125
0
0.10577392578125
0
-2.8158111572265625
0
1.8036651611328125
0
-0.5750885009765625
0
0.2558135986328125
0
-2.4752349853515625
0
2.1641387939453125
0
-0.4011993408203125
0
0.4226531982421875
0
-2.1191558837890625
0
2.518890380859375
0
-0.2359619140625
0
0.596954345703125
0
-1.758758544921875
0
2.85675048828125
0
-0.0886383056640625
0
0.769378662109375
0
-1.4051513671875
0
3.16693115234375
0
0.0319061279296875
0
0.9309539794921875
0
-1.0689239501953125
0
3.43939208984375
0
0.11767578125
0
1.073455810546875
0
-0.75982666015625
0
3.6652374267578125
0
0.1618499755859375
0
1.1897735595703125
0
-0.4863433837890625
0
3.837066650390625
0
0.1590576171875
0
1.27410888671875
0
-0.2554779052734375
0
3.94921875
0
0.1056976318359375
0
1.3223419189453125
0
-0.0724639892578125
0
3.9979400634765625
0
0
0
3.9999847412109375
0
-0.0442657470703125
0
0.9679412841796875
0
-0.00732421875
0
1.042755126953125
0
0.177978515625
0
3.9318389892578125
0
-0.3672332763671875
0
0.8323974609375
0
-0.06475830078125
0
1.0521392822265625
0
0.2947845458984375
0
3.7320404052734375
0
-0.7779083251953125
0
0.6475372314453125
0
-0.173492431640625
0
0.9982757568359375
0
0.3097991943359375
0
3.4141387939453125
0
-1.2556915283203125
0
0.43072509765625
0
-0.321807861328125
0
0.8897247314453125
0
0.234344482421875
0
2.9994964599609375
0
-1.7737884521484375
0
0.2039031982421875
0
-0.49365234375
0
0.740325927734375
0
0.086181640625
0
2.51568603515625
0
-2.3011016845703125
0
-0.008209228515625
0
-0.6701507568359375
0
0.5677642822265625
0
-0.1122589111328125
0
1.9942474365234375
0
-2.8045654296875
0
-0.1802520751953125
0
-0.8314971923828125
0
0.3916015625
0
-0.3360443115234375
0
1.4683685302734375
0
-3.2516632080078125
0
-0.2884674072265625
0
-0.9589996337890625
0
0.2313079833984375
0
-0.559906005859375
0
0.970245361328125
0
-3.6128692626953125
0
-0.31292724609375
0
-1.0370330810546875
0
0.1043853759765625
0
-0.760498046875
0
0.528717041015625
0
-3.864013671875
0
-0.23944091796875
0
-1.0546417236328125
0
0.0244903564453125
0
-0.9183349609375
0
0.1671600341796875
0
-3.98809814453125
0
-0.06103515625
0
-1.0069122314453125
0
0.0001983642578125
0
-1.0194091796875
0
-0.098114013671875
0
-3.976715087890625
0
0.2210693359375
0
-0.895660400390625
0
0.0341033935546875
0
-1.056182861328125
0
-0.258880615234375
0
-3.8306121826171875
0
0.5973052978515625
0
-0.7295684814453125
0
0.122589111328125
0
-1.027984619140625
0
-0.3153533935546875
0
-3.5597381591796875
0
1.0500640869140625
0
-0.52362060546875
0
0.2561492919921875
0
-0.9408111572265625
0
-0.2757720947265625
0
-3.182373046875
0
1.554931640625
0
-0.2980804443359375
0
0.4203643798828125
0
-0.8064727783203125
0
-0.1553955078125
0
-2.723724365234375
0
2.082366943359375
0
-0.0767364501953125
0
0.597320556640625
0
-0.6412506103515625
0
0.0250396728515625
0
-2.213958740234375
0
2.5998077392578125
0
0.115020751953125
0
0.7673492431640625
0
-0.4641571044921875
0
0.241363525390625
0
-1.6859130859375
0
3.07421875
0
0.2525177001953125
0
0.91107177734375
0
-0.29498291015625
0
0.4681854248046875
0
-1.1724700927734375
0
3.4745025634765625
0
0.31396484375
0
1.0113525390625
0
-0.1522369384765625
0
0.6811065673828125
0
-0.70416259765625
0
3.774017333984375
0
0.2825775146484375
0
1.0550994873046875
0
-0.0513916015625
0
0.858795166015625
0
-0.3068695068359375
0
3.95257568359375
0
0.1482391357421875
0
1.0347900390625
0
-0.003265380859375
0
0.984832763671875
0
0
0
3.9999847412109375
0
-0.0490875244140625
0
0.757537841796875
0
-0.0301971435546875
0
0.7902374267578125
0
0.0248870849609375
0
0.8911285400390625
0
0.2676849365234375
0
3.8836212158203125
0
-0.5306549072265625
0
0.53704833984375
0
-0.16058349609375
0
0.7149200439453125
0
-0.002471923828125
0
0.922454833984375
0
0.4072265625
0
3.5478057861328125
0
-1.141357421875
0
0.2623748779296875
0
-0.3448486328125
0
0.578094482421875
0
-0.104400634765625
0
0.8545684814453125
0
0.38055419921875
0
3.03057861328125
0
-1.8259735107421875
0
-0.0203094482421875
0
-0.550567626953125
0
0.4050140380859375
0
-0.2598876953125
0
0.7071380615234375
0
0.2191162109375
0
2.38970947265625
0
-2.51617431640625
0
-0.2576751708984375
0
-0.739501953125
0
0.2279510498046875
0
-0.4387969970703125
0
0.5121002197265625
0
-0.0308837890625
0
1.69500732421875
0
-3.138946533203125
0
-0.3970184326171875
0
-0.8741455078125
0
0.080413818359375
0
-0.607391357421875
0
0.3075714111328125
0
-0.316009521484375
0
1.019317626953125
0
-3.6260528564453125
0
-0.3943634033203125
0
-0.924468994140625
0
-0.0087738037109375
0
-0.73431396484375
0
0.1312103271484375
0
-0.583709716796875
0
0.4291534423828125
0
-3.92291259765625
0
-0.22174072265625
0
-0.8736572265625
0
-0.0208282470703125
0
-0.796173095703125
0
0.013702392578125
0
-0.7899169921875
0
-0.0235595703125
0
-3.995849609375
0
0.1276092529296875
0
-0.7220458984375
0
0.0493621826171875
0
-0.7816162109375
0
-0.0260009765625
0
-0.9049530029296875
0
-0.3073272705078125
0
-3.8365478515625
0
0.636749267578125
0
-0.488433837890625
0
0.1918792724609375
0
-0.6933135986328125
0
0.0163726806640625
0
-0.916900634765625
0
-0.4141998291015625
0
-3.463134765625
0
1.266021728515625
0
-0.2084197998046875
0
0.382904052734375
0
-0.5474853515625
0
0.130279541015625
0
-0.8321533203125
0
-0.3593292236328125
0
-2.9178466796875
0
1.9571533203125
0
0.069915771484375
0
0.5884552001953125
0
-0.37109375
0
0.2926483154296875
0
-0.673095703125
0
-0.17742919921875
0
-2.2613372802734375
0
2.6402587890625
0
0.292755126953125
0
0.769927978515625
0
-0.1970672607421875
0
0.4722137451171875
0
-0.4732818603515625
0
0.0833282470703125
0
-1.564727783203125
0
3.24249267578125
0
0.4084320068359375
0
0.8907318115234375
0
-0.0585174560546875
0
0.6352081298828125
0
-0.27130126953125
0
0.3690185546875
0
-0.9003448486328125
0
3.697540283203125
0
0.375457763671875
0
0.922882080078125
0
0.01727294921875
0
0.75140380859375
0
-0.1039276123046875
0
0.628173828125
0
-0.3325347900390625
0
3.9542694091796875
0
0.1695098876953125
0
0.85260009765625
0
0.0138397216796875
0
0.7993927001953125
0
0
0
3.9999847412109375
0
-0.052001953125
0
0.6187591552734375
0
-0.0406036376953125
0
0.637420654296875
0
-0.0121612548828125
0
0.68060302734375
0
0.05657958984375
0
0.803802490234375
0
0.350433349609375
0
3.8230743408203125
0
-0.6975860595703125
0
0.318023681640625
0
-0.23248291015625
0
0.503997802734375
0
-0.104400634765625
0
0.624359130859375
0
0.03924560546875
0
0.84002685546875
0
0.4857330322265625
0
3.3225860595703125
0
-1.5104217529296875
0
-0.028411865234375
0
-0.4709625244140625
0
0.3151702880859375
0
-0.2632293701171875
0
0.4869232177734375
0
-0.0808258056640625
0
0.7348175048828125
0
0.3824310302734375
0
2.5831298828125
0
-2.3747406005859375
0
-0.3269500732421875
0
-0.690765380859375
0
0.1228485107421875
0
-0.444244384765625
0
0.308380126953125
0
-0.26519775390625
0
0.530364990234375
0
0.1114501953125
0
1.726806640625
0
-3.1558380126953125
0
-0.4801177978515625
0
-0.8258514404296875
0
-0.0177459716796875
0
-0.596343994140625
0
0.1393585205078125
0
-0.46014404296875
0
0.29010009765625
0
-0.2323150634765625
0
0.88909912109375
0
-3.7258148193359375
0
-0.4090423583984375
0
-0.82720947265625
0
-0.06304931640625
0
-0.67559814453125
0
0.0271759033203125
0
-0.6115570068359375
0
0.081146240234375
0
-0.55224609375
0
0.1927490234375
0
-3.98876953125
0
-0.073272705078125
0
-0.6778564453125
0
0.0061187744140625
0
-0.6575164794921875
0
0.0030517578125
0
-0.6792449951171875
0
-0.04278564453125
0
-0.770904541015625
0
-0.274871826171875
0
-3.89984130859375
0
0.5167388916015625
0
-0.4007568359375
0
0.1778564453125
0
-0.544281005859375
0
0.073699951171875
0
-0.6471710205078125
0
-0.0541839599609375
0
-0.845184326171875
0
-0.476226806640625
0
-3.4742279052734375
0
1.29736328125
0
-0.057586669921875
0
0.4103851318359375
0
-0.3649139404296875
0
0.219482421875
0
-0.5269927978515625
0
0.04290771484375
0
-0.7725677490234375
0
-0.4273223876953125
0
-2.784149169921875
0
2.1611175537109375
0
0.2622833251953125
0
0.6413421630859375
0
-0.16815185546875
0
0.39971923828125
0
-0.354156494140625
0
0.2158966064453125
0
-0.5875244140625
0
-0.18994140625
0
-1.9444122314453125
0
2.9757232666015625
0
0.4602813720703125
0
0.8031463623046875
0
-0.0098419189453125
0
0.563690185546875
0
-0.177947998046875
0
0.41351318359375
0
-0.3497467041015625
0
0.14501953125
0
-1.0896148681640625
0
3.6091156005859375
0
0.4508514404296875
0
0.8409881591796875
0
0.0622100830078125
0
0.66436767578125
0
-0.0478057861328125
0
0.5803375244140625
0
-0.1271514892578125
0
0.4792327880859375
0
-0.3480224609375
0
3.9552764892578125
0
0.1823883056640625
0
0.7287750244140625
0
0.0218048095703125
0
0.6715240478515625
0
0
0
3.9999847412109375
0
-0.0539703369140625
0
0.52020263671875
0
-0.04644775390625
0
0.53216552734375
0
-0.02899169921875
0
0.5568695068359375
0
0.00604248046875
0
0.608184814453125
0
0.086395263671875
0
0.7512359619140625
0
0.4250946044921875
0
3.7505645751953125
0
-0.8681488037109375
0
0.1427154541015625
0
-0.2937164306640625
0
0.3505096435546875
0
-0.1686248779296875
0
0.44891357421875
0
-0.0743865966796875
0
0.55535888671875
0
0.06610107421875
0
0.777099609375
0
0.530303955078125
0
3.06170654296875
0
-1.878326416015625
0
-0.254150390625
0
-0.566986083984375
0
0.1297607421875
0
-0.3604736328125
0
0.2750396728515625
0
-0.23663330078125
0
0.400177001953125
0
-0.086883544921875
0
0.6169891357421875
0
0.3244171142578125
0
2.0948486328125
0
-2.8764190673828125
0
-0.509368896484375
0
-0.7571258544921875
0
-0.0434722900390625
0
-0.529754638671875
0
0.103271484375
0
-0.416107177734375
0
0.20660400390625
0
-0.304962158203125
0
0.3520660400390625
0
-0.0565032958984375
0
1.068634033203125
0
-3.6392364501953125
0
-0.4771575927734375
0
-0.7740325927734375
0
-0.094970703125
0
-0.607635498046875
0
0.0016937255859375
0
-0.542449951171875
0
0.0506591796875
0
-0.5013580322265625
0
0.0908660888671875
0
-0.4502716064453125
0
0.1992034912109375
0
-3.98895263671875
0
-0.07635498046875
0
-0.583526611328125
0
0.0071868896484375
0
-0.5582275390625
0
0.01202392578125
0
-0.566436767578125
0
-0.00860595703125
0
-0.6029510498046875
0
-0.0709381103515625
0
-0.7192535400390625
0
-0.3564300537109375
0
-3.84246826171875
0
0.6764373779296875
0
-0.2279815673828125
0
0.236572265625
0
-0.394287109375
0
0.13299560546875
0
-0.4787750244140625
0
0.0491790771484375
0
-0.5763702392578125
0
-0.0827789306640625
0
-0.788787841796875
0
-0.5374755859375
0
-3.2347259521484375
0
1.6613311767578125
0
0.1776885986328125
0
0.5132904052734375
0
-0.17474365234375
0
0.31976318359375
0
-0.31353759765625
0
0.1989898681640625
0
-0.43817138671875
0
0.0468902587890625
0
-0.6623687744140625
0
-0.3870086669921875
0
-2.308807373046875
0
2.680755615234375
0
0.4757232666015625
0
0.72943115234375
0
0.0154266357421875
0
0.5000762939453125
0
-0.1352996826171875
0
0.3809051513671875
0
-0.2462921142578125
0
0.2584381103515625
0
-0.4106292724609375
0
-0.0292510986328125
0
-1.2761383056640625
0
3.509613037109375
0
0.51287841796875
0
0.7875518798828125
0
0.0966796875
0
0.60137939453125
0
-0.014434814453125
0
0.5234375
0
-0.0766754150390625
0
0.4662933349609375
0
-0.1397552490234375
0
0.37469482421875
0
-0.3583984375
0
3.9559478759765625
0
0.1910400390625
0
0.6394195556640625
0
0.0263671875
0
0.57916259765625
0
0
0
3.9999847412109375
0
-0.0553741455078125
0
0.4465484619140625
0
-0.0501251220703125
0
0.45477294921875
0
-0.0384368896484375
0
0.470733642578125
0
-0.016937255859375
0
0.49981689453125
0
0.0233154296875
0
0.5579986572265625
0
0.1138458251953125
0
0.718658447265625
0
0.4910736083984375
0
3.666534423828125
0
-1.0418853759765625
0
-0.0042572021484375
0
-0.348175048828125
0
0.230926513671875
0
-0.2170562744140625
0
0.3237762451171875
0
-0.1392364501953125
0
0.398681640625
0
-0.0577545166015625
0
0.4982147216796875
0
0.079681396484375
0
0.7198486328125
0
0.542327880859375
0
2.7712249755859375
0
-2.2376251220703125
0
-0.4262847900390625
0
-0.635986328125
0
-0.003509521484375
0
-0.4237823486328125
0
0.1330718994140625
0
-0.320709228515625
0
0.221649169921875
0
-0.2346649169921875
0
0.316314697265625
0
-0.1153717041015625
0
0.4933624267578125
0
0.218994140625
0
1.5901641845703125
0
-3.3070068359375
0
-0.5727386474609375
0
-0.7532501220703125
0
-0.12261962890625
0
-0.54986572265625
0
-0.0021514892578125
0
-0.467132568359375
0
0.0611114501953125
0
-0.4138031005859375
0
0.1111297607421875
0
-0.3602752685546875
0
0.179290771484375
0
-0.2489166259765625
0
0.469085693359375
0
-3.926544189453125
0
-0.2608795166015625
0
-0.60394287109375
0
-0.048919677734375
0
-0.522247314453125
0
-0.00811767578125
0
-0.5013275146484375
0
9.1552734375e-05
0
-0.5034332275390625
0
-0.012603759765625
0
-0.5297393798828125
0
-0.0608367919921875
0
-0.6236572265625
0
-0.3000640869140625
0
-3.90240478515625
0
0.540252685546875
0
-0.216064453125
0
0.2010345458984375
0
-0.3439483642578125
0
0.1241607666015625
0
-0.403076171875
0
0.070037841796875
0
-0.4597320556640625
0
0.0037994384765625
0
-0.54547119140625
0
-0.12005615234375
0
-0.7531890869140625
0
-0.576019287109375
0
-3.2422027587890625
0
1.676605224609375
0
0.249908447265625
0
0.5144195556640625
0
-0.0982208251953125
0
0.3314208984375
0
-0.220733642578125
0
0.2349090576171875
0
-0.307769775390625
0
0.14599609375
0
-0.4104766845703125
0
0.010772705078125
0
-0.6193695068359375
0
-0.4024810791015625
0
-2.152191162109375
0
2.848602294921875
0
0.5533599853515625
0
0.7285308837890625
0
0.0884246826171875
0
0.5074462890625
0
-0.0478515625
0
0.409393310546875
0
-0.12750244140625
0
0.33685302734375
0
-0.2020721435546875
0
0.248809814453125
0
-0.325225830078125
0
0.0298919677734375
0
-0.960906982421875
0
3.7113800048828125
0
0.468902587890625
0
0.707916259765625
0
0.1085357666015625
0
0.5560302734375
0
0.023773193359375
0
0.5023345947265625
0
-0.012481689453125
0
0.4772796630859375
0
-0.0294036865234375
0
0.4671173095703125
0
-0.0326385498046875
0
0.473785400390625
0
0
0
3.9999847412109375
0
-0.056427001953125
0
0.3894195556640625
0
-0.0526275634765625
0
0.39532470703125
0
-0.0443572998046875
0
0.4063720703125
0
-0.0299072265625
0
0.425140380859375
0
-0.0053863525390625
0
0.457733154296875
0
0.0392303466796875
0
0.5218353271484375
0
0.138671875
0
0.69781494140625
0
0.548095703125
0
3.5714569091796875
0
-1.21807861328125
0
-0.131011962890625
0
-0.3972320556640625
0
0.1340179443359375
0
-0.2563323974609375
0
0.2275848388671875
0
-0.1842803955078125
0
0.2900390625
0
-0.124267578125
0
0.35345458984375
0
-0.05084228515625
0
0.4467315673828125
0
0.080902099609375
0
0.66107177734375
0
0.5242462158203125
0
2.4578094482421875
0
-2.5807647705078125
0
-0.549163818359375
0
-0.6782989501953125
0
-0.09619140625
0
-0.461456298828125
0
0.0361328125
0
-0.3684844970703125
0
0.1086578369140625
0
-0.3065185546875
0
0.16656494140625
0
-0.2470550537109375
0
0.2342987060546875
0
-0.160125732421875
0
0.36383056640625
0
0.08087158203125
0
1.09344482421875
0
-3.6458282470703125
0
-0.5193328857421875
0
-0.683197021484375
0
-0.131072998046875
0
-0.5185089111328125
0
-0.0389556884765625
0
-0.45989990234375
0
0.0010223388671875
0
-0.431640625
0
0.0211181640625
0
-0.4178314208984375
0
0.029510498046875
0
-0.4149017333984375
0
0.0255126953125
0
-0.4310455322265625
0
-0.02734375
0
-3.9960784912109375
0
0.14532470703125
0
-0.3457794189453125
0
0.0811767578125
0
-0.374481201171875
0
0.060394287109375
0
-0.39373779296875
0
0.0399017333984375
0
-0.417388916015625
0
0.011077880859375
0
-0.4541015625
0
-0.03790283203125
0
-0.523284912109375
0
-0.1439666748046875
0
-0.709228515625
0
-0.571136474609375
0
-3.490875244140625
0
1.3446044921875
0
0.180267333984375
0
0.430084228515625
0
-0.1081695556640625
0
0.2783203125
0
-0.2080078125
0
0.2022705078125
0
-0.2731170654296875
0
0.140472412109375
0
-0.3376617431640625
0
0.0665435791015625
0
-0.4307403564453125
0
-0.0639190673828125
0
-0.6414642333984375
0
-0.4955291748046875
0
-2.332611083984375
0
2.7010498046875
0
0.5700225830078125
0
0.6929779052734375
0
0.10968017578125
0
0.474822998046875
0
-0.0225067138671875
0
0.3826446533203125
0
-0.0937347412109375
0
0.3224639892578125
0
-0.1492462158203125
0
0.2662811279296875
0
-0.21234130859375
0
0.18634033203125
0
-0.330078125
0
-0.030181884765625
0
-0.9710693359375
0
3.7136993408203125
0
0.484771728515625
0
0.6654052734375
0
0.12115478515625
0
0.5133056640625
0
0.03704833984375
0
0.460601806640625
0
0.0019683837890625
0
0.4368438720703125
0
-0.0135955810546875
0
0.4280242919921875
0
-0.0159454345703125
0
0.43310546875
0
0
0
3.9999847412109375
0
-0.0572509765625
0
0.3437957763671875
0
-0.054412841796875
0
0.348175048828125
0
-0.04833984375
0
0.356170654296875
0
-0.0380706787109375
0
0.3691864013671875
0
-0.021636962890625
0
0.39007568359375
0
0.0052947998046875
0
0.425537109375
0
0.0535888671875
0
0.4947357177734375
0
0.16070556640625
0
0.6837310791015625
0
0.596038818359375
0
3.465911865234375
0
-1.3959503173828125
0
-0.242034912109375
0
-0.44140625
0
0.0536346435546875
0
-0.28912353515625
0
0.1507415771484375
0
-0.21832275390625
0
0.2079315185546875
0
-0.1678924560546875
0
0.256134033203125
0
-0.1181640625
0
0.311370849609375
0
-0.0520172119140625
0
0.3972320556640625
0
0.070648193359375
0
0.59722900390625
0
0.479278564453125
0
2.1285400390625
0
-2.9004364013671875
0
-0.62408447265625
0
-0.693634033203125
0
-0.154632568359375
0
-0.477142333984375
0
-0.02703857421875
0
-0.391326904296875
0
0.036041259765625
0
-0.3416290283203125
0
0.077728271484375
0
-0.304412841796875
0
0.1132965087890625
0
-0.26763916015625
0
0.154998779296875
0
-0.2147216796875
0
0.2325439453125
0
-0.07421875
0
0.627471923828125
0
-3.8767547607421875
0
-0.353271484375
0
-0.5542144775390625
0
-0.08258056640625
0
-0.446380615234375
0
-0.025360107421875
0
-0.4124908447265625
0
-0.0047760009765625
0
-0.4008026123046875
0
6.103515625e-05
0
-0.4019927978515625
0
-0.00726318359375
0
-0.4164581298828125
0
-0.0312042236328125
0
-0.45477294921875
0
-0.0948486328125
0
-0.5735321044921875
0
-0.3897552490234375
0
-3.8464202880859375
0
0.7031097412109375
0
-0.040557861328125
0
0.25482177734375
0
-0.19775390625
0
0.1688690185546875
0
-0.2558135986328125
0
0.1236724853515625
0
-0.2951202392578125
0
0.086151123046875
0
-0.3339080810546875
0
0.0431671142578125
0
-0.384735107421875
0
-0.0209197998046875
0
-0.471466064453125
0
-0.1493377685546875
0
-0.688446044921875
0
-0.6167449951171875
0
-2.824554443359375
0
2.213836669921875
0
0.5016326904296875
0
0.611907958984375
0
0.0827178955078125
0
0.408111572265625
0
-0.041748046875
0
0.32135009765625
0
-0.1082611083984375
0
0.266143798828125
0
-0.1576080322265625
0
0.218658447265625
0
-0.2069091796875
0
0.163177490234375
0
-0.275146484375
0
0.070098876953125
0
-0.42034912109375
0
-0.2100677490234375
0
-1.31097412109375
0
3.521331787109375
0
0.5813446044921875
0
0.67596435546875
0
0.15667724609375
0
0.4930267333984375
0
0.0535430908203125
0
0.426788330078125
0
0.007659912109375
0
0.39349365234375
0
-0.01715087890625
0
0.3748016357421875
0
-0.0311431884765625
0
0.3647308349609375
0
-0.0376434326171875
0
0.3619537353515625
0
-0.03564453125
0
0.372344970703125
0
0
0
3.9999847412109375
0
-0.05792236328125
0
0.3065185546875
0
-0.055755615234375
0
0.309844970703125
0
-0.0511627197265625
0
0.315826416015625
0
-0.0435943603515625
0
0.32525634765625
0
-0.03192138671875
0
0.339691162109375
0
-0.01397705078125
0
0.3622589111328125
0
0.014892578125
0
0.4001007080078125
0
0.0662689208984375
0
0.47357177734375
0
0.1798095703125
0
0.6732025146484375
0
0.6348724365234375
0
3.3505096435546875
0
-1.5746612548828125
0
-0.3399658203125
0
-0.4808197021484375
0
-0.0138397216796875
0
-0.3166656494140625
0
0.088043212890625
0
-0.2449951171875
0
0.1432647705078125
0
-0.1991119384765625
0
0.1840667724609375
0
-0.160430908203125
0
0.2230987548828125
0
-0.1185455322265625
0
0.270965576171875
0
-0.06011962890625
0
0.347686767578125
0
0.050048828125
0
0.5269927978515625
0
0.411346435546875
0
1.79071044921875
0
-3.189666748046875
0
-0.6511993408203125
0
-0.6820220947265625
0
-0.1830596923828125
0
-0.473052978515625
0
-0.06298828125
0
-0.394561767578125
0
-0.007415771484375
0
-0.35296630859375
0
0.0250701904296875
0
-0.3267059326171875
0
0.047027587890625
0
-0.307708740234375
0
0.0641326904296875
0
-0.29144287109375
0
0.0807952880859375
0
-0.2724761962890625
0
0.1059112548828125
0
-0.230743408203125
0
0.2122344970703125
0
-3.989288330078125
0
-0.082611083984375
0
-0.3773651123046875
0
0.0089111328125
0
-0.3444366455078125
0
0.0240936279296875
0
-0.337738037109375
0
0.0255126953125
0
-0.34033203125
0
0.019378662109375
0
-0.35003662109375
0
0.00567626953125
0
-0.3685455322265625
0
-0.0190887451171875
0
-0.4019927978515625
0
-0.0654144287109375
0
-0.469146728515625
0
-0.1703338623046875
0
-0.6556854248046875
0
-0.6033782958984375
0
-3.4964141845703125
0
1.3604278564453125
0
0.2632598876953125
0
0.43096923828125
0
-0.024932861328125
0
0.283843994140625
0
-0.11724853515625
0
0.218170166015625
0
-0.16851806640625
0
0.174896240234375
0
-0.2076568603515625
0
0.1371307373046875
0
-0.2464599609375
0
0.094757080078125
0
-0.295623779296875
0
0.033966064453125
0
-0.3763275146484375
0
-0.083038330078125
0
-0.5686187744140625
0
-0.47601318359375
0
-2.006622314453125
0
3.015472412109375
0
0.6529998779296875
0
0.682281494140625
0
0.1801910400390625
0
0.4676971435546875
0
0.055633544921875
0
0.385528564453125
0
-0.0031890869140625
0
0.340850830078125
0
-0.038787841796875
0
0.3112640380859375
0
-0.0644378662109375
0
0.2879638671875
0
-0.0868072509765625
0
0.264984130859375
0
-0.1125030517578125
0
0.2329254150390625
0
-0.15863037109375
0
0.1510772705078125
0
-0.3793182373046875
0
3.9572906494140625
0
0.2085418701171875
0
0.4423370361328125
0
0.033935546875
0
0.3757171630859375
0
0
0
3.9999847412109375
0
-0.0584564208984375
0
0.2754974365234375
0
-0.0567779541015625
0
0.278076171875
0
-0.053253173828125
0
0.2826385498046875
0
-0.047515869140625
0
0.2896881103515625
0
-0.038909912109375
0
0.300140380859375
0
-0.026214599609375
0
0.3156585693359375
0
-0.0070953369140625
0
0.33953857421875
0
0.0233001708984375
0
0.3792877197265625
0
0.0771942138671875
0
0.4562225341796875
0
0.19586181640625
0
0.6640777587890625
0
0.6646575927734375
0
3.225921630859375
0
-1.7532958984375
0
-0.426300048828125
0
-0.5153961181640625
0
-0.0707244873046875
0
-0.339630126953125
0
0.036346435546875
0
-0.266082763671875
0
0.0912628173828125
0
-0.2222900390625
0
0.1282501220703125
0
-0.1893310546875
0
0.159149169921875
0
-0.1588134765625
0
0.1909027099609375
0
-0.12396240234375
0
0.231353759765625
0
-0.074127197265625
0
0.297149658203125
0
0.0204620361328125
0
0.450439453125
0
0.3248138427734375
0
1.45159912109375
0
-3.442169189453125
0
-0.630462646484375
0
-0.64398193359375
0
-0.1848602294921875
0
-0.45111083984375
0
-0.0762481689453125
0
-0.3815460205078125
0
-0.028228759765625
0
-0.3467864990234375
0
-0.002349853515625
0
-0.3272705078125
0
0.012359619140625
0
-0.3164215087890625
0
0.0198822021484375
0
-0.3119659423828125
0
0.021270751953125
0
-0.3140411376953125
0
0.0148162841796875
0
-0.32684326171875
0
-0.008941650390625
0
-0.3744354248046875
0
-0.1362457275390625
0
-3.9791259765625
0
0.27984619140625
0
-0.1673583984375
0
0.1284942626953125
0
-0.2243804931640625
0
0.0961456298828125
0
-0.246978759765625
0
0.0779571533203125
0
-0.2632293701171875
0
0.0622100830078125
0
-0.2794647216796875
0
0.044647216796875
0
-0.2992095947265625
0
0.021697998046875
0
-0.3267059326171875
0
-0.01226806640625
0
-0.3701629638671875
0
-0.0702362060546875
0
-0.451873779296875
0
-0.1948699951171875
0
-0.66741943359375
0
-0.6701202392578125
0
-2.9828948974609375
0
2.0552520751953125
0
0.514801025390625
0
0.5714111328125
0
0.1145477294921875
0
0.377288818359375
0
-0.00225830078125
0
0.2979736328125
0
-0.0607452392578125
0
0.2520294189453125
0
-0.0988311767578125
0
0.21881103515625
0
-0.1292572021484375
0
0.189544677734375
0
-0.1589202880859375
0
0.1577911376953125
0
-0.194915771484375
0
0.11431884765625
0
-0.251312255859375
0
0.0344390869140625
0
-0.37890625
0
-0.214111328125
0
-1.1553955078125
0
3.6274871826171875
0
0.5660552978515625
0
0.6069488525390625
0
0.161865234375
0
0.436492919921875
0
0.067291259765625
0
0.3767852783203125
0
0.02679443359375
0
0.34820556640625
0
0.006317138671875
0
0.3336639404296875
0
-0.0035400390625
0
0.327789306640625
0
-0.0057373046875
0
0.329345703125
0
0
0
3.9999847412109375
0
-0.0589141845703125
0
0.249267578125
0
-0.057586669921875
0
0.25128173828125
0
-0.054840087890625
0
0.2548370361328125
0
-0.0504150390625
0
0.2602386474609375
0
-0.0438995361328125
0
0.2680511474609375
0
-0.0345611572265625
0
0.27923583984375
0
-0.0211029052734375
0
0.2955474853515625
0
-0.0011138916015625
0
0.3204193115234375
0
0.030487060546875
0
0.3616485595703125
0
0.0863037109375
0
0.44122314453125
0
0.2087860107421875
0
0.6548919677734375
0
0.685577392578125
0
3.0928802490234375
0
-1.9309539794921875
0
-0.501922607421875
0
-0.5449981689453125
0
-0.118499755859375
0
-0.3583221435546875
0
-0.00634765625
0
-0.2825469970703125
0
0.049041748046875
0
-0.23956298828125
0
0.0840606689453125
0
-0.209747314453125
0
0.1105499267578125
0
-0.1852264404296875
0
0.13421630859375
0
-0.161346435546875
0
0.159454345703125
0
-0.13336181640625
0
0.192138671875
0
-0.09295654296875
0
0.2454833984375
0
-0.0164642333984375
0
0.36865234375
0
0.2243499755859375
0
1.118377685546875
0
-3.6524200439453125
0
-0.5621795654296875
0
-0.5807647705078125
0
-0.163177490234375
0
-0.413299560546875
0
-0.070526123046875
0
-0.3549346923828125
0
-0.030975341796875
0
-0.3270111083984375
0
-0.01092529296875
0
-0.312652587890625
0
-0.0009918212890625
0
-0.3064117431640625
0
0.0019683837890625
0
-0.3066253662109375
0
-0.00152587890625
0
-0.313812255859375
0
-0.0132293701171875
0
-0.331512451171875
0
-0.0396270751953125
0
-0.3718109130859375
0
-0.105194091796875
0
-0.4932403564453125
0
-0.406646728515625
0
-3.8484039306640625
0
0.716552734375
0
0.0580596923828125
0
0.26055908203125
0
-0.09844970703125
0
0.17822265625
0
-0.1508331298828125
0
0.140716552734375
0
-0.1801300048828125
0
0.116119384765625
0
-0.20208740234375
0
0.0954132080078125
0
-0.22259521484375
0
0.0741729736328125
0
-0.2454986572265625
0
0.04852294921875
0
-0.275299072265625
0
0.01263427734375
0
-0.32025146484375
0
-0.0463104248046875
0
-0.402069091796875
0
-0.1690673828125
0
-0.6096954345703125
0
-0.607147216796875
0
-2.3564605712890625
0
2.72137451171875
0
0.6666412353515625
0
0.64501953125
0
0.19793701171875
0
0.428497314453125
0
0.0717315673828125
0
0.3453826904296875
0
0.012603759765625
0
0.3009490966796875
0
-0.022216796875
0
0.272705078125
0
-0.0458221435546875
0
0.2523956298828125
0
-0.0638427734375
0
0.23590087890625
0
-0.0795135498046875
0
0.2203369140625
0
-0.0958099365234375
0
0.202117919921875
0
-0.1178131103515625
0
0.1728363037109375
0
-0.16204833984375
0
0.0917816162109375
0
-0.3845977783203125
0
3.9576263427734375
0
0.2129669189453125
0
0.38885498046875
0
0.0355072021484375
0
0.32061767578125
0
0
0
3.9999847412109375
0
-0.059295654296875
0
0.226806640625
0
-0.0582427978515625
0
0.2284088134765625
0
-0.0560760498046875
0
0.231201171875
0
-0.0526123046875
0
0.2353973388671875
0
-0.047576904296875
0
0.2413787841796875
0
-0.0405120849609375
0
0.2497100830078125
0
-0.0306549072265625
0
0.26141357421875
0
-0.0166778564453125
0
0.278289794921875
0
0.0039520263671875
0
0.3038787841796875
0
0.0363922119140625
0
0.346160888671875
0
0.0935516357421875
0
0.427520751953125
0
0.2185211181640625
0
0.644622802734375
0
0.6978302001953125
0
2.9521484375
0
-2.1067047119140625
0
-0.5672760009765625
0
-0.5694580078125
0
-0.1582183837890625
0
-0.372955322265625
0
-0.041412353515625
0
-0.294952392578125
0
0.0147705078125
0
-0.252166748046875
0
0.048797607421875
0
-0.224090576171875
0
0.0727691650390625
0
-0.2029571533203125
0
0.0920257568359375
0
-0.184814453125
0
0.1097412109375
0
-0.1668243408203125
0
0.1287689208984375
0
-0.1457366943359375
0
0.1533355712890625
0
-0.1154937744140625
0
0.19305419921875
0
-0.05889892578125
0
0.28338623046875
0
0.114837646484375
0
0.79779052734375
0
-3.81585693359375
0
-0.4472808837890625
0
-0.4944305419921875
0
-0.1212005615234375
0
-0.3618927001953125
0
-0.0491485595703125
0
-0.3171844482421875
0
-0.019378662109375
0
-0.296661376953125
0
-0.005126953125
0
-0.2870025634765625
0
0.00091552734375
0
-0.28399658203125
0
0.0011749267578125
0
-0.2863922119140625
0
-0.00396728515625
0
-0.2945556640625
0
-0.0156707763671875
0
-0.3106689453125
0
-0.037567138671875
0
-0.3406524658203125
0
-0.0796356201171875
0
-0.4023590087890625
0
-0.17718505859375
0
-0.578033447265625
0
-0.5928955078125
0
-3.6055450439453125
0
1.205780029296875
0
0.2791595458984375
0
0.38934326171875
0
0.0211944580078125
0
0.2586669921875
0
-0.05908203125
0
0.203460693359375
0
-0.1001129150390625
0
0.1710662841796875
0
-0.12701416015625
0
0.147674560546875
0
-0.1482391357421875
0
0.1276397705078125
0
-0.1679229736328125
0
0.1075439453125
0
-0.189208984375
0
0.0841522216796875
0
-0.2158966064453125
0
0.0525360107421875
0
-0.254913330078125
0
0.0020599365234375
0
-0.324066162109375
0
-0.100189208984375
0
-0.4934844970703125
0
-0.4439239501953125
0
-1.6758880615234375
0
3.2948760986328125
0
0.6806793212890625
0
0.6316375732421875
0
0.2120819091796875
0
0.4259490966796875
0
0.0955963134765625
0
0.3510589599609375
0
0.0436553955078125
0
0.313232421875
0
0.01519775390625
0
0.2913665771484375
0
-0.00177001953125
0
0.2781829833984375
0
-0.0118865966796875
0
0.27069091796875
0
-0.017059326171875
0
0.2677154541015625
0
-0.0178070068359375
0
0.269378662109375
0
-0.0132904052734375
0
0.27752685546875
0
0
0
3.9999847412109375
0
-0.05963134765625
0
0.2073516845703125
0
-0.0587921142578125
0
0.2086334228515625
0
-0.0570526123046875
0
0.210845947265625
0
-0.0543060302734375
0
0.2141571044921875
0
-0.0503692626953125
0
0.2187957763671875
0
-0.0449371337890625
0
0.22515869140625
0
-0.0375213623046875
0
0.2338409423828125
0
-0.027313232421875
0
0.245880126953125
0
-0.0129852294921875
0
0.2631072998046875
0
0.008026123046875
0
0.2891387939453125
0
0.0409698486328125
0
0.33203125
0
0.0988922119140625
0
0.41436767578125
0
0.2250518798828125
0
0.6325531005859375
0
0.701690673828125
0
2.804534912109375
0
-2.27960205078125
0
-0.62255859375
0
-0.5885772705078125
0
-0.190582275390625
0
-0.3836212158203125
0
-0.0698089599609375
0
-0.3036651611328125
0
-0.0128021240234375
0
-0.2608184814453125
0
0.020721435546875
0
-0.233734130859375
0
0.043212890625
0
-0.2145843505859375
0
0.0599212646484375
0
-0.1996612548828125
0
0.0735626220703125
0
-0.18682861328125
0
0.086029052734375
0
-0.1743316650390625
0
0.0990447998046875
0
-0.16015625
0
0.115264892578125
0
-0.1405181884765625
0
0.140655517578125
0
-0.1048431396484375
0
0.1967926025390625
0
0.0011138916015625
0
0.4960784912109375
0
-3.9289703369140625
0
-0.287567138671875
0
-0.387786865234375
0
-0.0623779296875
0
-0.2994232177734375
0
-0.0152740478515625
0
-0.270751953125
0
0.0033416748046875
0
-0.2583770751953125
0
0.0114593505859375
0
-0.2534332275390625
0
0.01385498046875
0
-0.2532196044921875
0
0.0120697021484375
0
-0.2569580078125
0
0.006317138671875
0
-0.264923095703125
0
-0.0041961669921875
0
-0.278472900390625
0
-0.0215301513671875
0
-0.3007049560546875
0
-0.0504150390625
0
-0.33905029296875
0
-0.1030426025390625
0
-0.4149322509765625
0
-0.2210235595703125
0
-0.623138427734375
0
-0.694244384765625
0
-3.2646942138671875
0
1.7226409912109375
0
0.4754638671875
0
0.499908447265625
0
0.1233978271484375
0
0.3272247314453125
0
0.01971435546875
0
0.257568359375
0
-0.030670166015625
0
0.2190704345703125
0
-0.061370849609375
0
0.1936798095703125
0
-0.0830841064453125
0
0.174530029296875
0
-0.1005096435546875
0
0.1581878662109375
0
-0.1163177490234375
0
0.142364501953125
0
-0.1327056884765625
0
0.1248016357421875
0
-0.1522674560546875
0
0.10211181640625
0
-0.179718017578125
0
0.0672454833984375
0
-0.2266998291015625
0
-0.0010528564453125
0
-0.337493896484375
0
-0.2177886962890625
0
-1.001708984375
0
3.7206268310546875
0
0.532989501953125
0
0.5248870849609375
0
0.1551666259765625
0
0.3682098388671875
0
0.0689849853515625
0
0.3140869140625
0
0.0323486328125
0
0.288177490234375
0
0.01361083984375
0
0.274566650390625
0
0.00390625
0
0.2679901123046875
0
0
0
3.9999847412109375
0
-0.0599212646484375
0
0.190338134765625
0
-0.059234619140625
0
0.1913604736328125
0
-0.0578460693359375
0
0.193145751953125
0
-0.0556488037109375
0
0.1957855224609375
0
-0.0525360107421875
0
0.199432373046875
0
-0.0482940673828125
0
0.204345703125
0
-0.0426025390625
0
0.2109375
0
-0.0349578857421875
0
0.219818115234375
0
-0.0245819091796875
0
0.2320404052734375
0
-0.01007080078125
0
0.24945068359375
0
0.0111083984375
0
0.2756500244140625
0
0.0442352294921875
0
0.3187103271484375
0
0.102325439453125
0
0.4011688232421875
0
0.228363037109375
0
0.6181640625
0
0.697509765625
0
2.6508636474609375
0
-2.4487457275390625
0
-0.667816162109375
0
-0.602203369140625
0
-0.21612548828125
0
-0.390411376953125
0
-0.092254638671875
0
-0.3089599609375
0
-0.0345916748046875
0
-0.2660064697265625
0
-0.0013580322265625
0
-0.239532470703125
0
0.0202178955078125
0
-0.221588134765625
0
0.0353851318359375
0
-0.20855712890625
0
0.0467376708984375
0
-0.1985321044921875
0
0.055755615234375
0
-0.1903076171875
0
0.06341552734375
0
-0.1829986572265625
0
0.0706024169921875
0
-0.1756591796875
0
0.0784454345703125
0
-0.1667633056640625
0
0.0893096923828125
0
-0.1522369384765625
0
0.1112823486328125
0
-0.112152099609375
0
0.21881103515625
0
-3.9894561767578125
0
-0.085784912109375
0
-0.2644500732421875
0
0.00958251953125
0
-0.22869873046875
0
0.027923583984375
0
-0.2181243896484375
0
0.0341949462890625
0
-0.214599609375
0
0.0357666015625
0
-0.214569091796875
0
0.0344696044921875
0
-0.217071533203125
0
0.0308074951171875
0
-0.2219390869140625
0
0.0246429443359375
0
-0.2295379638671875
0
0.015380859375
0
-0.2407684326171875
0
0.00177001953125
0
-0.2573699951171875
0
-0.0186767578125
0
-0.28289794921875
0
-0.051177978515625
0
-0.325408935546875
0
-0.1088104248046875
0
-0.407562255859375
0
-0.23504638671875
0
-0.6264801025390625
0
-0.715057373046875
0
-2.8448028564453125
0
2.2403106689453125
0
0.627044677734375
0
0.579071044921875
0
0.19866943359375
0
0.37554931640625
0
0.0787811279296875
0
0.2963104248046875
0
0.0224456787109375
0
0.2541351318359375
0
-0.0103759765625
0
0.227813720703125
0
-0.0320281982421875
0
0.2096099853515625
0
-0.0476531982421875
0
0.195953369140625
0
-0.0597991943359375
0
0.184906005859375
0
-0.070068359375
0
0.175140380859375
0
-0.0796051025390625
0
0.16552734375
0
-0.08966064453125
0
0.1545562744140625
0
-0.1022186279296875
0
0.139373779296875
0
-0.1218109130859375
0
0.1118927001953125
0
-0.1649169921875
0
0.030975341796875
0
-0.389892578125
0
3.9579620361328125
0
0.2174224853515625
0
0.333526611328125
0
0.0369720458984375
0
0.263671875
0
0
0
3.9999847412109375
0
-0.0601654052734375
0
0.1753387451171875
0
-0.0596160888671875
0
0.1761627197265625
0
-0.0584869384765625
0
0.1775970458984375
0
-0.056732177734375
0
0.1797027587890625
0
-0.0542449951171875
0
0.1826019287109375
0
-0.0509033203125
0
0.18646240234375
0
-0.0464630126953125
0
0.1915435791015625
0
-0.0406341552734375
0
0.1982421875
0
-0.03289794921875
0
0.2071990966796875
0
-0.0224609375
0
0.219451904296875
0
-0.0079498291015625
0
0.236846923828125
0
0.0131683349609375
0
0.2629547119140625
0
0.046142578125
0
0.3057861328125
0
0.103851318359375
0
0.387542724609375
0
0.228485107421875
0
0.601165771484375
0
0.6856689453125
0
2.4920196533203125
0
-2.6132049560546875
0
-0.702972412109375
0
-0.6101837158203125
0
-0.235260009765625
0
-0.393402099609375
0
-0.1092987060546875
0
-0.311004638671875
0
-0.0512847900390625
0
-0.26806640625
0
-0.018310546875
0
-0.2420501708984375
0
0.0026397705078125
0
-0.2248992919921875
0
0.0168609619140625
0
-0.2130126953125
0
0.02685546875
0
-0.204559326171875
0
0.03399658203125
0
-0.1985626220703125
0
0.03900146484375
0
-0.1944580078125
0
0.0422515869140625
0
-0.1920318603515625
0
0.043853759765625
0
-0.1913299560546875
0
0.0435333251953125
0
-0.1929168701171875
0
0.0401763916015625
0
-0.198974609375
0
0.029327392578125
0
-0.2205657958984375
0
-0.0292816162109375
0
-3.9962005615234375
0
0.1543426513671875
0
-0.128662109375
0
0.090728759765625
0
-0.1527557373046875
0
0.0773162841796875
0
-0.1618194580078125
0
0.07037353515625
0
-0.16766357421875
0
0.0650634765625
0
-0.172760009765625
0
0.0599517822265625
0
-0.17803955078125
0
0.0543670654296875
0
-0.18408203125
0
0.0477294921875
0
-0.19146728515625
0
0.0394287109375
0
-0.2008819580078125
0
0.02862548828125
0
-0.2134246826171875
0
0.013885498046875
0
-0.23095703125
0
-0.0072784423828125
0
-0.2570037841796875
0
-0.0400848388671875
0
-0.2994842529296875
0
-0.09716796875
0
-0.380157470703125
0
-0.2198028564453125
0
-0.589508056640625
0
-0.664276123046875
0
-2.3684234619140625
0
2.7315673828125
0
0.7159576416015625
0
0.6164703369140625
0
0.240020751953125
0
0.397705078125
0
0.113433837890625
0
0.3151397705078125
0
0.0554656982421875
0
0.2723236083984375
0
0.0226898193359375
0
0.246551513671875
0
0.00201416015625
0
0.2297210693359375
0
-0.0118255615234375
0
0.21826171875
0
-0.0213470458984375
0
0.2103729248046875
0
-0.0278472900390625
0
0.2050933837890625
0
-0.0319976806640625
0
0.201995849609375
0
-0.0340576171875
0
0.20098876953125
0
-0.0339202880859375
0
0.20245361328125
0
-0.0308380126953125
0
0.20770263671875
0
-0.0224761962890625
0
0.221038818359375
0
0
0
3.9999847412109375
0
-0.060394287109375
0
0.1620025634765625
0
-0.0599365234375
0
0.1626739501953125
0
-0.0590362548828125
0
0.1638336181640625
0
-0.0576171875
0
0.16552734375
0
-0.0556182861328125
0
0.1678466796875
0
-0.0529632568359375
0
0.1708984375
0
-0.049468994140625
0
0.17486572265625
0
-0.044952392578125
0
0.1800079345703125
0
-0.0390777587890625
0
0.1867218017578125
0
-0.0313568115234375
0
0.195648193359375
0
-0.02099609375
0
0.207794189453125
0
-0.006622314453125
0
0.2249908447265625
0
0.0142364501953125
0
0.250732421875
0
0.0467376708984375
0
0.29290771484375
0
0.1034698486328125
0
0.3731536865234375
0
0.225494384765625
0
0.5813446044921875
0
0.666595458984375
0
2.328887939453125
0
-2.7720794677734375
0
-0.7279052734375
0
-0.612396240234375
0
-0.248291015625
0
-0.39263916015625
0
-0.121368408203125
0
-0.30999755859375
0
-0.0634307861328125
0
-0.2672882080078125
0
-0.0308074951171875
0
-0.24169921875
0
-0.0103607177734375
0
-0.225128173828125
0
0.0032196044921875
0
-0.213958740234375
0
0.0124053955078125
0
-0.2064361572265625
0
0.0185089111328125
0
-0.20159912109375
0
0.0221710205078125
0
-0.1990203857421875
0
0.023681640625
0
-0.1986236572265625
0
0.0229034423828125
0
-0.2006988525390625
0
0.019287109375
0
-0.2062225341796875
0
0.011260986328125
0
-0.217742919921875
0
-0.0054779052734375
0
-0.2430419921875
0
-0.0466766357421875
0
-0.320159912109375
0
-0.244384765625
0
-3.949371337890625
0
0.428131103515625
0
0.0146942138671875
0
0.17694091796875
0
-0.0747528076171875
0
0.1298065185546875
0
-0.1043243408203125
0
0.10919189453125
0
-0.11981201171875
0
0.0968475341796875
0
-0.130126953125
0
0.087860107421875
0
-0.1382598876953125
0
0.08026123046875
0
-0.145599365234375
0
0.0729827880859375
0
-0.1529998779296875
0
0.065277099609375
0
-0.1611480712890625
0
0.0564727783203125
0
-0.17083740234375
0
0.0456695556640625
0
-0.1830902099609375
0
0.03155517578125
0
-0.1996307373046875
0
0.011810302734375
0
-0.223663330078125
0
-0.0181884765625
0
-0.2622222900390625
0
-0.069610595703125
0
-0.3343353271484375
0
-0.17816162109375
0
-0.5169219970703125
0
-0.5545196533203125
0
-1.8603363037109375
0
3.1702880859375
0
0.7275238037109375
0
0.6052398681640625
0
0.2435302734375
0
0.3905029296875
0
0.121429443359375
0
0.31182861328125
0
0.0667266845703125
0
0.2718505859375
0
0.0364837646484375
0
0.2483978271484375
0
0.0179901123046875
0
0.233673095703125
0
0.0062408447265625
0
0.224334716796875
0
-0.0010986328125
0
0.2187347412109375
0
-0.0051422119140625
0
0.21612548828125
0
-0.006378173828125
0
0.21624755859375
0
-0.0048370361328125
0
0.2193450927734375
0
0
0
3.9999847412109375
0
-0.0605926513671875
0
0.1500701904296875
0
-0.0602264404296875
0
0.1506195068359375
0
-0.059478759765625
0
0.1515655517578125
0
-0.0583343505859375
0
0.152923583984375
0
-0.056732177734375
0
0.15478515625
0
-0.0546112060546875
0
0.1572113037109375
0
-0.051849365234375
0
0.1603240966796875
0
-0.0483245849609375
0
0.1643218994140625
0
-0.0438079833984375
0
0.1694488525390625
0
-0.0379791259765625
0
0.1761016845703125
0
-0.030364990234375
0
0.18487548828125
0
-0.020172119140625
0
0.1967926025390625
0
-0.006103515625
0
0.2136077880859375
0
0.0142822265625
0
0.2387542724609375
0
0.045989990234375
0
0.27984619140625
0
0.101226806640625
0
0.357818603515625
0
0.219451904296875
0
0.558624267578125
0
0.640777587890625
0
2.162384033203125
0
-2.92449951171875
0
-0.7424774169921875
0
-0.6087646484375
0
-0.2555084228515625
0
-0.3881988525390625
0
-0.1288604736328125
0
-0.306060791015625
0
-0.07147216796875
0
-0.263885498046875
0
-0.0393524169921875
0
-0.238800048828125
0
-0.0193939208984375
0
-0.22271728515625
0
-0.006317138671875
0
-0.212066650390625
0
0.002349853515625
0
-0.205078125
0
0.00787353515625
0
-0.2008514404296875
0
0.010894775390625
0
-0.1989593505859375
0
0.011688232421875
0
-0.199310302734375
0
0.0101318359375
0
-0.2021636962890625
0
0.0057830810546875
0
-0.20831298828125
0
-0.0025634765625
0
-0.2194976806640625
0
-0.017608642578125
0
-0.240020751953125
0
-0.04644775390625
0
-0.2825927734375
0
-0.114471435546875
0
-0.407501220703125
0
-0.4237060546875
0
-3.850372314453125
0
0.73004150390625
0
0.1603240966796875
0
0.26397705078125
0
0.002105712890625
0
0.182403564453125
0
-0.048095703125
0
0.148162841796875
0
-0.0731353759765625
0
0.1288909912109375
0
-0.088592529296875
0
0.116058349609375
0
-0.0995635986328125
0
0.1063995361328125
0
-0.108306884765625
0
0.0983123779296875
0
-0.115966796875
0
0.09088134765625
0
-0.1233367919921875
0
0.083404541015625
0
-0.1310577392578125
0
0.0752716064453125
0
-0.1397857666015625
0
0.0657196044921875
0
-0.1504364013671875
0
0.05364990234375
0
-0.1643829345703125
0
0.0371856689453125
0
-0.1842498779296875
0
0.0126190185546875
0
-0.215576171875
0
-0.02886962890625
0
-0.2733001708984375
0
-0.11492919921875
0
-0.416015625
0
-0.4011688232421875
0
-1.346038818359375
0
3.5330657958984375
0
0.6514434814453125
0
0.542755126953125
0
0.208587646484375
0
0.3537445068359375
0
0.1030120849609375
0
0.2864990234375
0
0.05670166015625
0
0.252960205078125
0
0.03155517578125
0
0.233673095703125
0
0.0165863037109375
0
0.2219696044921875
0
0.0074615478515625
0
0.2149658203125
0
0.0022430419921875
0
0.2113037109375
0
0
0
3.9999847412109375
0
-0.060760498046875
0
0.13934326171875
0
-0.0604705810546875
0
0.1397857666015625
0
-0.0598602294921875
0
0.1405487060546875
0
-0.0589447021484375
0
0.14166259765625
0
-0.057647705078125
0
0.1431427001953125
0
-0.0559539794921875
0
0.14508056640625
0
-0.0537567138671875
0
0.147552490234375
0
-0.0509796142578125
0
0.150665283203125
0
-0.0474700927734375
0
0.1546173095703125
0
-0.0430145263671875
0
0.1596527099609375
0
-0.037322998046875
0
0.1661376953125
0
-0.0298919677734375
0
0.1746826171875
0
-0.0200042724609375
0
0.1862335205078125
0
-0.0063629150390625
0
0.2025146484375
0
0.0133514404296875
0
0.2268218994140625
0
0.0439605712890625
0
0.266448974609375
0
0.097137451171875
0
0.341400146484375
0
0.2104949951171875
0
0.53302001953125
0
0.6087188720703125
0
1.9933929443359375
0
-3.069610595703125
0
-0.746551513671875
0
-0.5992431640625
0
-0.2571868896484375
0
-0.3802032470703125
0
-0.132110595703125
0
-0.2993621826171875
0
-0.075775146484375
0
-0.2580718994140625
0
-0.044403076171875
0
-0.233612060546875
0
-0.024993896484375
0
-0.218017578125
0
-0.0123748779296875
0
-0.2077789306640625
0
-0.0040740966796875
0
-0.201141357421875
0
0.0011138916015625
0
-0.1972198486328125
0
0.003875732421875
0
-0.1955718994140625
0
0.00445556640625
0
-0.196075439453125
0
0.002838134765625
0
-0.198883056640625
0
-0.001312255859375
0
-0.2045440673828125
0
-0.0087738037109375
0
-0.2142181396484375
0
-0.021240234375
0
-0.2303466796875
0
-0.0423736572265625
0
-0.2586669921875
0
-0.0816192626953125
0
-0.315948486328125
0
-0.172149658203125
0
-0.479766845703125
0
-0.5654754638671875
0
-3.70184326171875
0
1.053741455078125
0
0.3026123046875
0
0.347625732421875
0
0.074676513671875
0
0.2322845458984375
0
0.00457763671875
0
0.185028076171875
0
-0.0295257568359375
0
0.1591796875
0
-0.0498504638671875
0
0.1427001953125
0
-0.0635833740234375
0
0.131011962890625
0
-0.07373046875
0
0.1220245361328125
0
-0.0818328857421875
0
0.1145782470703125
0
-0.08880615234375
0
0.107940673828125
0
-0.095245361328125
0
0.1015777587890625
0
-0.101654052734375
0
0.0949859619140625
0
-0.1085662841796875
0
0.087615966796875
0
-0.1165924072265625
0
0.0786895751953125
0
-0.126739501953125
0
0.0669097900390625
0
-0.1407623291015625
0
0.0497589111328125
0
-0.16241455078125
0
0.0213470458984375
0
-0.201568603515625
0
-0.03643798828125
0
-0.2960205078125
0
-0.2210845947265625
0
-0.850189208984375
0
3.80047607421875
0
0.482666015625
0
0.430938720703125
0
0.1381072998046875
0
0.2900848388671875
0
0.0609130859375
0
0.2415008544921875
0
0.027801513671875
0
0.217742919921875
0
0.01019287109375
0
0.2044219970703125
0
0
0
3.9999847412109375
0
-0.0609283447265625
0
0.129638671875
0
-0.0606842041015625
0
0.1300048828125
0
-0.0601959228515625
0
0.130615234375
0
-0.0594482421875
0
0.1315155029296875
0
-0.05841064453125
0
0.1327056884765625
0
-0.0570526123046875
0
0.134246826171875
0
-0.0552978515625
0
0.136199951171875
0
-0.0531158447265625
0
0.1386566162109375
0
-0.0503692626953125
0
0.1417236328125
0
-0.04693603515625
0
0.14556884765625
0
-0.0426177978515625
0
0.1504364013671875
0
-0.037109375
0
0.1566925048828125
0
-0.02996826171875
0
0.1649017333984375
0
-0.020477294921875
0
0.1759796142578125
0
-0.007415771484375
0
0.191558837890625
0
0.011444091796875
0
0.21478271484375
0
0.0406646728515625
0
0.2525634765625
0
0.0912933349609375
0
0.32379150390625
0
0.19873046875
0
0.504608154296875
0
0.5709686279296875
0
1.8228759765625
0
-3.2066192626953125
0
-0.7399749755859375
0
-0.5838623046875
0
-0.253570556640625
0
-0.368743896484375
0
-0.13140869140625
0
-0.2900543212890625
0
-0.0766754150390625
0
-0.25
0
-0.0463104248046875
0
-0.2263641357421875
0
-0.0275726318359375
0
-0.211334228515625
0
-0.015411376953125
0
-0.20147705078125
0
-0.0074462890625
0
-0.1951141357421875
0
-0.0024566650390625
0
-0.1913299560546875
0
0.0001983642578125
0
-0.1897125244140625
0
0.000823974609375
0
-0.1900787353515625
0
-0.0005340576171875
0
-0.1924896240234375
0
-0.00408935546875
0
-0.19732666015625
0
-0.0103759765625
0
-0.2053070068359375
0
-0.020416259765625
0
-0.2178955078125
0
-0.0362701416015625
0
-0.238067626953125
0
-0.0623779296875
0
-0.2727203369140625
0
-0.11004638671875
0
-0.34173583984375
0
-0.2181396484375
0
-0.5348663330078125
0
-0.66900634765625
0
-3.507537841796875
0
1.3922271728515625
0
0.4357452392578125
0
0.4238128662109375
0
0.139984130859375
0
0.2768402099609375
0
0.051605224609375
0
0.217742919921875
0
0.009307861328125
0
0.1859893798828125
0
-0.015411376953125
0
0.16619873046875
0
-0.0316314697265625
0
0.15264892578125
0
-0.043121337890625
0
0.1427459716796875
0
-0.0517730712890625
0
0.1351165771484375
0
-0.05859375
0
0.1289215087890625
0
-0.06427001953125
0
0.1236724853515625
0
-0.0691986083984375
0
0.11895751953125
0
-0.073760986328125
0
0.1144866943359375
0
-0.0782470703125
0
0.1099090576171875
0
-0.0830078125
0
0.1048431396484375
0
-0.0885467529296875
0
0.0986328125
0
-0.095703125
0
0.090118408203125
0
-0.106201171875
0
0.07659912109375
0
-0.1245269775390625
0
0.0500030517578125
0
-0.1672515869140625
0
-0.0313873291015625
0
-0.39520263671875
0
3.9582977294921875
0
0.221893310546875
0
0.2762603759765625
0
0.038299560546875
0
0.2047882080078125
0
0
0
3.9999847412109375
0
-0.061065673828125
0
0.120819091796875
0
-0.0608673095703125
0
0.1211090087890625
0
-0.06048583984375
0
0.121612548828125
0
-0.05987548828125
0
0.1223297119140625
0
-0.0590362548828125
0
0.123291015625
0
-0.057952880859375
0
0.12451171875
0
-0.0565643310546875
0
0.126068115234375
0
-0.054840087890625
0
0.12799072265625
0
-0.052703857421875
0
0.13037109375
0
-0.050048828125
0
0.133331298828125
0
-0.0467529296875
0
0.13702392578125
0
-0.0426177978515625
0
0.14166259765625
0
-0.0373687744140625
0
0.147613525390625
0
-0.03057861328125
0
0.1554107666015625
0
-0.021575927734375
0
0.1658935546875
0
-0.00921630859375
0
0.180633544921875
0
0.0085906982421875
0
0.202545166015625
0
0.0361480712890625
0
0.238128662109375
0
0.083770751953125
0
0.3050079345703125
0
0.1843414306640625
0
0.4735107421875
0
0.528106689453125
0
1.6517181396484375
0
-3.334747314453125
0
-0.72265625
0
-0.5626678466796875
0
-0.244903564453125
0
-0.353973388671875
0
-0.1270294189453125
0
-0.2782745361328125
0
-0.074493408203125
0
-0.2398834228515625
0
-0.04541015625
0
-0.2172698974609375
0
-0.027496337890625
0
-0.2028961181640625
0
-0.015869140625
0
-0.193450927734375
0
-0.0082244873046875
0
-0.1873321533203125
0
-0.0034027099609375
0
-0.18365478515625
0
-0.0007476806640625
0
-0.1819610595703125
0
3.0517578125e-05
0
-0.18206787109375
0
-0.0009613037109375
0
-0.1839599609375
0
-0.0038299560546875
0
-0.1878814697265625
0
-0.0089111328125
0
-0.19427490234375
0
-0.016845703125
0
-0.20404052734375
0
-0.0288543701171875
0
-0.2188720703125
0
-0.0472869873046875
0
-0.2421112060546875
0
-0.0771484375
0
-0.281463623046875
0
-0.1309356689453125
0
-0.35888671875
0
-0.2512969970703125
0
-0.5713653564453125
0
-0.734649658203125
0
-3.2722015380859375
0
1.738067626953125
0
0.55401611328125
0
0.4887542724609375
0
0.195343017578125
0
0.313751220703125
0
0.0911407470703125
0
0.2445831298828125
0
0.04193115234375
0
0.207855224609375
0
0.0135345458984375
0
0.1852874755859375
0
-0.0047760009765625
0
0.170166015625
0
-0.0174407958984375
0
0.1594390869140625
0
-0.0266265869140625
0
0.1515350341796875
0
-0.033477783203125
0
0.145538330078125
0
-0.038726806640625
0
0.14093017578125
0
-0.04278564453125
0
0.1373748779296875
0
-0.0459136962890625
0
0.134613037109375
0
-0.0483245849609375
0
0.132537841796875
0
-0.0500946044921875
0
0.1310577392578125
0
-0.051300048828125
0
0.1301422119140625
0
-0.051910400390625
0
0.129852294921875
0
-0.0518341064453125
0
0.1303558349609375
0
-0.0507965087890625
0
0.1321258544921875
0
-0.0479583740234375
0
0.136688232421875
0
-0.04022216796875
0
0.151641845703125
0
0
0
3.9999847412109375
0
-0.0612030029296875
0
0.1127777099609375
0
-0.06103515625
0
0.113006591796875
0
-0.06072998046875
0
0.1134033203125
0
-0.06024169921875
0
0.113983154296875
0
-0.0595855712890625
0
0.11474609375
0
-0.0587158203125
0
0.11572265625
0
-0.0576171875
0
0.116943359375
0
-0.0562591552734375
0
0.1184539794921875
0
-0.0545806884765625
0
0.12030029296875
0
-0.052520751953125
0
0.122589111328125
0
-0.0500030517578125
0
0.1253814697265625
0
-0.046875
0
0.1288604736328125
0
-0.0429840087890625
0
0.13323974609375
0
-0.038055419921875
0
0.138824462890625
0
-0.031707763671875
0
0.1461029052734375
0
-0.023284912109375
0
0.155914306640625
0
-0.011749267578125
0
0.169647216796875
0
0.0048370361328125
0
0.1900482177734375
0
0.0304718017578125
0
0.223114013671875
0
0.07464599609375
0
0.2850189208984375
0
0.167510986328125
0
0.439910888671875
0
0.480712890625
0
1.4808349609375
0
-3.4532928466796875
0
-0.6945343017578125
0
-0.5357666015625
0
-0.231475830078125
0
-0.3360443115234375
0
-0.1192779541015625
0
-0.2642059326171875
0
-0.06951904296875
0
-0.2279052734375
0
-0.042022705078125
0
-0.2065277099609375
0
-0.02508544921875
0
-0.1929168701171875
0
-0.014068603515625
0
-0.1839752197265625
0
-0.006805419921875
0
-0.1781158447265625
0
-0.0021514892578125
0
-0.1745147705078125
0
0.00048828125
0
-0.1727294921875
0
0.00146484375
0
-0.17254638671875
0
0.0008697509765625
0
-0.173919677734375
0
-0.001312255859375
0
-0.176971435546875
0
-0.005279541015625
0
-0.1819610595703125
0
-0.011444091796875
0
-0.1894683837890625
0
-0.020538330078125
0
-0.2004852294921875
0
-0.033905029296875
0
-0.216796875
0
-0.054046630859375
0
-0.242034912109375
0
-0.086273193359375
0
-0.2843170166015625
0
-0.143798828125
0
-0.366668701171875
0
-0.2709197998046875
0
-0.5886077880859375
0
-0.763763427734375
0
-3.0015411376953125
0
2.08349609375
0
0.6518402099609375
0
0.539031982421875
0
0.238433837890625
0
0.34112548828125
0
0.1217193603515625
0
0.2641448974609375
0
0.067230224609375
0
0.223663330078125
0
0.0360565185546875
0
0.199005126953125
0
0.01617431640625
0
0.1826934814453125
0
0.0026092529296875
0
0.17132568359375
0
-0.0070037841796875
0
0.1631622314453125
0
-0.013946533203125
0
0.1572418212890625
0
-0.01898193359375
0
0.152984619140625
0
-0.0225372314453125
0
0.150054931640625
0
-0.0248870849609375
0
0.14825439453125
0
-0.026153564453125
0
0.14752197265625
0
-0.0263519287109375
0
0.1478729248046875
0
-0.025421142578125
0
0.149444580078125
0
-0.0231170654296875
0
0.1526031494140625
0
-0.018951416015625
0
0.15802001953125
0
-0.0119476318359375
0
0.1670989990234375
0
0
0
3.9999847412109375
0
-0.0613250732421875
0
0.1053924560546875
0
-0.061187744140625
0
0.1055755615234375
0
-0.060943603515625
0
0.10589599609375
0
-0.0605621337890625
0
0.106353759765625
0
-0.060028076171875
0
0.106964111328125
0
-0.0593414306640625
0
0.10772705078125
0
-0.0584869384765625
0
0.1086883544921875
0
-0.0574188232421875
0
0.10986328125
0
-0.056121826171875
0
0.111297607421875
0
-0.054534912109375
0
0.1130523681640625
0
-0.0525970458984375
0
0.1151885986328125
0
-0.0502471923828125
0
0.1177978515625
0
-0.0473480224609375
0
0.1210174560546875
0
-0.0437469482421875
0
0.12506103515625
0
-0.0391845703125
0
0.130218505859375
0
-0.0333251953125
0
0.1369171142578125
0
-0.0255889892578125
0
0.14593505859375
0
-0.014984130859375
0
0.1585540771484375
0
0.0002288818359375
0
0.17724609375
0
0.0236968994140625
0
0.2074737548828125
0
0.06402587890625
0
0.2639007568359375
0
0.1484375
0
0.4040679931640625
0
0.4293975830078125
0
1.311126708984375
0
-3.56158447265625
0
-0.6555633544921875
0
-0.503326416015625
0
-0.213531494140625
0
-0.3151397705078125
0
-0.1084136962890625
0
-0.248046875
0
-0.06201171875
0
-0.2142181396484375
0
-0.036407470703125
0
-0.194305419921875
0
-0.0206298828125
0
-0.1816253662109375
0
-0.010345458984375
0
-0.173248291015625
0
-0.003509521484375
0
-0.1677093505859375
0
0.00091552734375
0
-0.1642303466796875
0
0.0035400390625
0
-0.162384033203125
0
0.004669189453125
0
-0.1619415283203125
0
0.00445556640625
0
-0.162811279296875
0
0.002899169921875
0
-0.165069580078125
0
-9.1552734375e-05
0
-0.1688690185546875
0
-0.0047760009765625
0
-0.174560546875
0
-0.0116119384765625
0
-0.1827239990234375
0
-0.0213775634765625
0
-0.1944122314453125
0
-0.035430908203125
0
-0.2114715576171875
0
-0.0563812255859375
0
-0.237579345703125
0
-0.089599609375
0
-0.2809906005859375
0
-0.148406982421875
0
-0.3647613525390625
0
-0.27685546875
0
-0.5866546630859375
0
-0.7586212158203125
0
-2.7019500732421875
0
2.4206390380859375
0
0.7240447998046875
0
0.571746826171875
0
0.267364501953125
0
0.3574676513671875
0
0.1422119140625
0
0.275421142578125
0
0.084381103515625
0
0.23260498046875
0
0.051544189453125
0
0.2067108154296875
0
0.0307159423828125
0
0.189697265625
0
0.0166473388671875
0
0.177947998046875
0
0.00677490234375
0
0.169647216796875
0
-0.0002288818359375
0
0.16375732421875
0
-0.005157470703125
0
0.15966796875
0
-0.0084686279296875
0
0.1570587158203125
0
-0.0104217529296875
0
0.155731201171875
0
-0.011138916015625
0
0.1556243896484375
0
-0.010650634765625
0
0.1567535400390625
0
-0.008819580078125
0
0.1593170166015625
0
-0.00543212890625
0
0.1636505126953125
0
0
0
3.9999847412109375
0
-0.061431884765625
0
0.098602294921875
0
-0.0613250732421875
0
0.0987548828125
0
-0.061126708984375
0
0.0989990234375
0
-0.0608367919921875
0
0.099365234375
0
-0.0604095458984375
0
0.0998382568359375
0
-0.05987548828125
0
0.100433349609375
0
-0.0592041015625
0
0.1011810302734375
0
-0.058380126953125
0
0.1020965576171875
0
-0.0573883056640625
0
0.1031951904296875
0
-0.0561676025390625
0
0.104522705078125
0
-0.0547027587890625
0
0.10614013671875
0
-0.0529327392578125
0
0.10809326171875
0
-0.05078125
0
0.1104736328125
0
-0.0481414794921875
0
0.1134033203125
0
-0.04486083984375
0
0.1170806884765625
0
-0.040740966796875
0
0.121734619140625
0
-0.035430908203125
0
0.1278076171875
0
-0.0284423828125
0
0.1359405517578125
0
-0.018890380859375
0
0.147308349609375
0
-0.00518798828125
0
0.16412353515625
0
0.015899658203125
0
0.191253662109375
0
0.0520477294921875
0
0.241729736328125
0
0.127349853515625
0
0.3662261962890625
0
0.374786376953125
0
1.143463134765625
0
-3.659027099609375
0
-0.6057891845703125
0
-0.4655303955078125
0
-0.19140625
0
-0.2914886474609375
0
-0.0947265625
0
-0.2299652099609375
0
-0.05224609375
0
-0.1990203857421875
0
-0.028839111328125
0
-0.1808319091796875
0
-0.014404296875
0
-0.1692047119140625
0
-0.0049591064453125
0
-0.1614990234375
0
0.0013427734375
0
-0.156341552734375
0
0.0055084228515625
0
-0.1530303955078125
0
0.008056640625
0
-0.1511688232421875
0
0.009307861328125
0
-0.1505126953125
0
0.0093994140625
0
-0.150970458984375
0
0.0083770751953125
0
-0.152557373046875
0
0.0062103271484375
0
-0.1553497314453125
0
0.0027313232421875
0
-0.1595611572265625
0
-0.0023193359375
0
-0.1655731201171875
0
-0.0094146728515625
0
-0.1739501953125
0
-0.0193328857421875
0
-0.1857452392578125
0
-0.033447265625
0
-0.202789306640625
0
-0.054290771484375
0
-0.228668212890625
0
-0.08709716796875
0
-0.2714080810546875
0
-0.144775390625
0
-0.353179931640625
0
-0.2693939208984375
0
-0.5662841796875
0
-0.7223358154296875
0
-2.3803863525390625
0
2.74176025390625
0
0.7659912109375
0
0.58465576171875
0
0.28082275390625
0
0.36175537109375
0
0.1519317626953125
0
0.2777557373046875
0
0.0929718017578125
0
0.2342376708984375
0
0.059661865234375
0
0.2080535888671875
0
0.03863525390625
0
0.1909027099609375
0
0.0244903564453125
0
0.17913818359375
0
0.0146484375
0
0.170867919921875
0
0.0076904296875
0
0.1650543212890625
0
0.00286865234375
0
0.1610870361328125
0
-0.0003204345703125
0
0.15863037109375
0
-0.002105712890625
0
0.157470703125
0
-0.002655029296875
0
0.15753173828125
0
-0.001983642578125
0
0.158843994140625
0
0
0
3.9999847412109375
0
-0.0615234375
0
0.09234619140625
0
-0.0614471435546875
0
0.0924530029296875
0
-0.0612945556640625
0
0.0926513671875
0
-0.061065673828125
0
0.092926025390625
0
-0.0607452392578125
0
0.093292236328125
0
-0.060333251953125
0
0.09375
0
-0.059814453125
0
0.094329833984375
0
-0.0591888427734375
0
0.0950164794921875
0
-0.0584259033203125
0
0.095855712890625
0
-0.0575103759765625
0
0.09686279296875
0
-0.0564117431640625
0
0.0980682373046875
0
-0.0550994873046875
0
0.0995025634765625
0
-0.0535125732421875
0
0.10125732421875
0
-0.0515899658203125
0
0.1033782958984375
0
-0.0492401123046875
0
0.105987548828125
0
-0.04632568359375
0
0.1092376708984375
0
-0.0426788330078125
0
0.1133575439453125
0
-0.037994384765625
0
0.11871337890625
0
-0.0318145751953125
0
0.125885009765625
0
-0.0233917236328125
0
0.135894775390625
0
-0.0113372802734375
0
0.1506805419921875
0
0.007171630859375
0
0.1744842529296875
0
0.0388336181640625
0
0.218597412109375
0
0.1044921875
0
0.3266754150390625
0
0.3175201416015625
0
0.97869873046875
0
-3.7450408935546875
0
-0.5452880859375
0
-0.422637939453125
0
-0.1653900146484375
0
-0.26531982421875
0
-0.0784912109375
0
-0.210174560546875
0
-0.040496826171875
0
-0.182525634765625
0
-0.0195770263671875
0
-0.1662445068359375
0
-0.0066680908203125
0
-0.155853271484375
0
0.0018157958984375
0
-0.148895263671875
0
0.0075225830078125
0
-0.14422607421875
0
0.0113372802734375
0
-0.141143798828125
0
0.0137481689453125
0
-0.139312744140625
0
0.015045166015625
0
-0.138519287109375
0
0.015380859375
0
-0.138641357421875
0
0.014801025390625
0
-0.139678955078125
0
0.0133056640625
0
-0.1416473388671875
0
0.0108184814453125
0
-0.1446990966796875
0
0.007171630859375
0
-0.149017333984375
0
0.0020904541015625
0
-0.15496826171875
0
-0.0048828125
0
-0.16314697265625
0
-0.0145111083984375
0
-0.1745147705078125
0
-0.028045654296875
0
-0.1908111572265625
0
-0.0478973388671875
0
-0.21539306640625
0
-0.0789794921875
0
-0.2557373046875
0
-0.13323974609375
0
-0.3323516845703125
0
-0.249298095703125
0
-0.52886962890625
0
-0.6587371826171875
0
-2.044189453125
0
3.0393829345703125
0
0.77374267578125
0
0.576202392578125
0
0.2780609130859375
0
0.3535308837890625
0
0.1506195068359375
0
0.270965576171875
0
0.0928802490234375
0
0.2284698486328125
0
0.0604248046875
0
0.2029876708984375
0
0.040008544921875
0
0.1863555908203125
0
0.0262908935546875
0
0.174957275390625
0
0.0167694091796875
0
0.166961669921875
0
0.0100555419921875
0
0.161346435546875
0
0.0053863525390625
0
0.1575164794921875
0
0.0023193359375
0
0.1551361083984375
0
0.0005645751953125
0
0.15399169921875
0
0
0
3.9999847412109375
0
-0.061614990234375
0
0.0865478515625
0
-0.0615692138671875
0
0.086639404296875
0
-0.0614471435546875
0
0.0867767333984375
0
-0.061279296875
0
0.0869903564453125
0
-0.06103515625
0
0.0872650146484375
0
-0.06072998046875
0
0.0876007080078125
0
-0.060333251953125
0
0.0880279541015625
0
-0.0598602294921875
0
0.0885467529296875
0
-0.059295654296875
0
0.08917236328125
0
-0.058624267578125
0
0.0899200439453125
0
-0.0578155517578125
0
0.090789794921875
0
-0.056854248046875
0
0.0918426513671875
0
-0.055694580078125
0
0.093109130859375
0
-0.0543212890625
0
0.0946197509765625
0
-0.0526580810546875
0
0.0964508056640625
0
-0.050628662109375
0
0.09869384765625
0
-0.048126220703125
0
0.10150146484375
0
-0.0449981689453125
0
0.10504150390625
0
-0.0409698486328125
0
0.1096343994140625
0
-0.035675048828125
0
0.1157684326171875
0
-0.028472900390625
0
0.12432861328125
0
-0.0181732177734375
0
0.1369476318359375
0
-0.0023956298828125
0
0.1572113037109375
0
0.0245361328125
0
0.1946563720703125
0
0.080108642578125
0
0.2857666015625
0
0.2582244873046875
0
0.8176422119140625
0
-3.8191680908203125
0
-0.474212646484375
0
-0.374969482421875
0
-0.1358489990234375
0
-0.23687744140625
0
-0.05999755859375
0
-0.1888885498046875
0
-0.0269927978515625
0
-0.164886474609375
0
-0.00885009765625
0
-0.1507720947265625
0
0.0023651123046875
0
-0.1417236328125
0
0.0097503662109375
0
-0.135650634765625
0
0.0147552490234375
0
-0.13153076171875
0
0.0181427001953125
0
-0.1287689208984375
0
0.020355224609375
0
-0.127044677734375
0
0.021636962890625
0
-0.1261749267578125
0
0.022125244140625
0
-0.126068115234375
0
0.021881103515625
0
-0.1266632080078125
0
0.0209197998046875
0
-0.1279754638671875
0
0.01922607421875
0
-0.1300811767578125
0
0.0166778564453125
0
-0.1331024169921875
0
0.0131378173828125
0
-0.137237548828125
0
0.0083160400390625
0
-0.1428375244140625
0
0.0018157958984375
0
-0.1504058837890625
0
-0.007049560546875
0
-0.1608428955078125
0
-0.0194244384765625
0
-0.1757049560546875
0
-0.0374908447265625
0
-0.197998046875
0
-0.06561279296875
0
-0.234405517578125
0
-0.114410400390625
0
-0.3030242919921875
0
-0.217742919921875
0
-0.47637939453125
0
-0.5721893310546875
0
-1.700836181640625
0
3.306549072265625
0
0.7442169189453125
0
0.545623779296875
0
0.2589874267578125
0
0.33282470703125
0
0.138458251953125
0
0.2552032470703125
0
0.0843963623046875
0
0.2154998779296875
0
0.05413818359375
0
0.1917877197265625
0
0.0351409912109375
0
0.1763153076171875
0
0.02239990234375
0
0.1657257080078125
0
0.0135345458984375
0
0.1582794189453125
0
0.0072784423828125
0
0.153045654296875
0
0.0029144287109375
0
0.149444580078125
0
0
0
3.9999847412109375
0
-0.06170654296875
0
0.0811614990234375
0
-0.0616607666015625
0
0.0812225341796875
0
-0.06158447265625
0
0.081329345703125
0
-0.0614471435546875
0
0.08148193359375
0
-0.061279296875
0
0.0816802978515625
0
-0.0610504150390625
0
0.081939697265625
0
-0.0607757568359375
0
0.082244873046875
0
-0.0604400634765625
0
0.082611083984375
0
-0.060028076171875
0
0.08306884765625
0
-0.059539794921875
0
0.083587646484375
0
-0.0589599609375
0
0.0842132568359375
0
-0.05828857421875
0
0.0849609375
0
-0.0574798583984375
0
0.085845947265625
0
-0.0565185546875
0
0.086883544921875
0
-0.0553741455078125
0
0.0881500244140625
0
-0.053985595703125
0
0.08966064453125
0
-0.05230712890625
0
0.091522216796875
0
-0.0502471923828125
0
0.093841552734375
0
-0.0476531982421875
0
0.0967559814453125
0
-0.044342041015625
0
0.1005401611328125
0
-0.0399932861328125
0
0.1055908203125
0
-0.0340728759765625
0
0.11260986328125
0
-0.0256195068359375
0
0.122955322265625
0
-0.0126953125
0
0.1395263671875
0
0.0092926025390625
0
0.1700592041015625
0
0.054473876953125
0
0.2437896728515625
0
0.197509765625
0
0.66107177734375
0
-3.8809967041015625
0
-0.392730712890625
0
-0.3228607177734375
0
-0.103118896484375
0
-0.2064361572265625
0
-0.0395660400390625
0
-0.166351318359375
0
-0.0120391845703125
0
-0.1463470458984375
0
0.003082275390625
0
-0.13458251953125
0
0.0124359130859375
0
-0.1270294189453125
0
0.01861572265625
0
-0.1219329833984375
0
0.0228424072265625
0
-0.118438720703125
0
0.025726318359375
0
-0.116058349609375
0
0.0276641845703125
0
-0.1145172119140625
0
0.028839111328125
0
-0.1136627197265625
0
0.029388427734375
0
-0.1134033203125
0
0.029388427734375
0
-0.113677978515625
0
0.0288543701171875
0
-0.1144866943359375
0
0.0277557373046875
0
-0.1158599853515625
0
0.0260772705078125
0
-0.1178741455078125
0
0.0236968994140625
0
-0.1206512451171875
0
0.0204925537109375
0
-0.124359130859375
0
0.0162200927734375
0
-0.1292877197265625
0
0.0105133056640625
0
-0.135894775390625
0
0.0027923583984375
0
-0.14495849609375
0
-0.0079193115234375
0
-0.15777587890625
0
-0.023468017578125
0
-0.17694091796875
0
-0.047576904296875
0
-0.2080535888671875
0
-0.0891571044921875
0
-0.2662811279296875
0
-0.1763458251953125
0
-0.4112396240234375
0
-0.467498779296875
0
-1.3577880859375
0
3.5369720458984375
0
0.6752471923828125
0
0.4930419921875
0
0.2241363525390625
0
0.300201416015625
0
0.1160888671875
0
0.231048583984375
0
0.068115234375
0
0.1959075927734375
0
0.0413818359375
0
0.1749725341796875
0
0.024627685546875
0
0.1613311767578125
0
0.0133819580078125
0
0.1519775390625
0
0.00555419921875
0
0.1454010009765625
0
0
0
3.9999847412109375
0
-0.0617828369140625
0
0.0761566162109375
0
-0.061767578125
0
0.076202392578125
0
-0.06170654296875
0
0.076263427734375
0
-0.061614990234375
0
0.0763702392578125
0
-0.061492919921875
0
0.076507568359375
0
-0.06134033203125
0
0.076690673828125
0
-0.0611419677734375
0
0.0768890380859375
0
-0.0609130859375
0
0.0771484375
0
-0.060638427734375
0
0.07745361328125
0
-0.060302734375
0
0.07781982421875
0
-0.0599212646484375
0
0.0782318115234375
0
-0.0594635009765625
0
0.0787353515625
0
-0.0589141845703125
0
0.079315185546875
0
-0.05828857421875
0
0.08001708984375
0
-0.057525634765625
0
0.0808258056640625
0
-0.0566253662109375
0
0.081817626953125
0
-0.0555572509765625
0
0.0829925537109375
0
-0.0542449951171875
0
0.084442138671875
0
-0.0526275634765625
0
0.08624267578125
0
-0.050628662109375
0
0.0885162353515625
0
-0.0480499267578125
0
0.0914459228515625
0
-0.044677734375
0
0.0953521728515625
0
-0.04010009765625
0
0.1007843017578125
0
-0.0335845947265625
0
0.1087646484375
0
-0.02362060546875
0
0.12152099609375
0
-0.0067138671875
0
0.1449432373046875
0
0.0278472900390625
0
0.201141357421875
0
0.1360321044921875
0
0.509735107421875
0
-3.9301910400390625
0
-0.3011474609375
0
-0.2667083740234375
0
-0.0676116943359375
0
-0.1743011474609375
0
-0.0174713134765625
0
-0.1427764892578125
0
0.004150390625
0
-0.1270904541015625
0
0.0160064697265625
0
-0.11785888671875
0
0.023345947265625
0
-0.1119232177734375
0
0.0282135009765625
0
-0.1078948974609375
0
0.03155517578125
0
-0.1051177978515625
0
0.03387451171875
0
-0.1031951904296875
0
0.0354461669921875
0
-0.1019134521484375
0
0.036468505859375
0
-0.1011505126953125
0
0.0370025634765625
0
-0.1008148193359375
0
0.037139892578125
0
-0.1008758544921875
0
0.0368804931640625
0
-0.101318359375
0
0.0362548828125
0
-0.102142333984375
0
0.03521728515625
0
-0.1033935546875
0
0.0337371826171875
0
-0.105133056640625
0
0.031707763671875
0
-0.107452392578125
0
0.029052734375
0
-0.1105194091796875
0
0.025543212890625
0
-0.1145477294921875
0
0.020904541015625
0
-0.119903564453125
0
0.014678955078125
0
-0.127197265625
0
0.0060577392578125
0
-0.137481689453125
0
-0.006378173828125
0
-0.1527862548828125
0
-0.02557373046875
0
-0.1775054931640625
0
-0.05853271484375
0
-0.2234649658203125
0
-0.126953125
0
-0.3362579345703125
0
-0.3497161865234375
0
-1.02227783203125
0
3.7252349853515625
0
0.5657501220703125
0
0.4193878173828125
0
0.174652099609375
0
0.2567291259765625
0
0.084564208984375
0
0.199432373046875
0
0.0449676513671875
0
0.170501708984375
0
0.022979736328125
0
0.1533050537109375
0
0.0092315673828125
0
0.142120361328125
0
0
0
3.9999847412109375
0
-0.061859130859375
0
0.07147216796875
0
-0.0618438720703125
0
0.071502685546875
0
-0.0618133544921875
0
0.0715484619140625
0
-0.0617523193359375
0
0.0716094970703125
0
-0.061676025390625
0
0.0717010498046875
0
-0.06158447265625
0
0.071807861328125
0
-0.06146240234375
0
0.0719451904296875
0
-0.061309814453125
0
0.0720977783203125
0
-0.0611419677734375
0
0.0722808837890625
0
-0.060943603515625
0
0.072509765625
0
-0.060699462890625
0
0.0727691650390625
0
-0.0604248046875
0
0.0730743408203125
0
-0.060089111328125
0
0.07342529296875
0
-0.0597076416015625
0
0.0738372802734375
0
-0.05926513671875
0
0.0743255615234375
0
-0.0587310791015625
0
0.0749053955078125
0
-0.0580902099609375
0
0.0756072998046875
0
-0.0573272705078125
0
0.0764312744140625
0
-0.0564117431640625
0
0.07745361328125
0
-0.0552825927734375
0
0.0787200927734375
0
-0.0538787841796875
0
0.0803070068359375
0
-0.0520782470703125
0
0.0823516845703125
0
-0.049713134765625
0
0.0850830078125
0
-0.0465240478515625
0
0.0888671875
0
-0.0419769287109375
0
0.09442138671875
0
-0.0350494384765625
0
0.1032867431640625
0
-0.0233306884765625
0
0.1194915771484375
0
0.0005340576171875
0
0.15814208984375
0
0.0743560791015625
0
0.36431884765625
0
-3.966461181640625
0
-0.19976806640625
0
-0.20697021484375
0
-0.02972412109375
0
-0.1407928466796875
0
0.0059661865234375
0
-0.1184234619140625
0
0.0212860107421875
0
-0.1073150634765625
0
0.0296630859375
0
-0.1007843017578125
0
0.0348663330078125
0
-0.0965728759765625
0
0.038330078125
0
-0.0937042236328125
0
0.04071044921875
0
-0.091705322265625
0
0.042388916015625
0
-0.0903167724609375
0
0.043548583984375
0
-0.08935546875
0
0.0443115234375
0
-0.0887603759765625
0
0.044769287109375
0
-0.08843994140625
0
0.044952392578125
0
-0.0883941650390625
0
0.0448760986328125
0
-0.0885772705078125
0
0.0445709228515625
0
-0.089019775390625
0
0.04400634765625
0
-0.0897064208984375
0
0.043182373046875
0
-0.0906829833984375
0
0.0420379638671875
0
-0.0919952392578125
0
0.04052734375
0
-0.093719482421875
0
0.03857421875
0
-0.0959625244140625
0
0.0360107421875
0
-0.098876953125
0
0.0326690673828125
0
-0.1027374267578125
0
0.0281829833984375
0
-0.10797119140625
0
0.0220184326171875
0
-0.115325927734375
0
0.0131378173828125
0
-0.126220703125
0
-0.0005035400390625
0
-0.1437530517578125
0
-0.0238037109375
0
-0.176116943359375
0
-0.0717315673828125
0
-0.25445556640625
0
-0.2239837646484375
0
-0.7011260986328125
0
3.8668975830078125
0
0.4157562255859375
0
0.3264923095703125
0
0.112335205078125
0
0.2039794921875
0
0.0452880859375
0
0.1616058349609375
0
0.0161285400390625
0
0.1403656005859375
0
0
0
3.9999847412109375
0
-0.0619354248046875
0
0.067108154296875
0
-0.061920166015625
0
0.067108154296875
0
-0.0619049072265625
0
0.067138671875
0
-0.0618743896484375
0
0.067169189453125
0
-0.0618438720703125
0
0.0672149658203125
0
-0.061798095703125
0
0.0672760009765625
0
-0.061737060546875
0
0.0673370361328125
0
-0.0616607666015625
0
0.067413330078125
0
-0.0615692138671875
0
0.0675048828125
0
-0.0614776611328125
0
0.0676116943359375
0
-0.0613555908203125
0
0.0677490234375
0
-0.06121826171875
0
0.0678863525390625
0
-0.0610504150390625
0
0.0680694580078125
0
-0.0608673095703125
0
0.068267822265625
0
-0.0606536865234375
0
0.068511962890625
0
-0.060394287109375
0
0.06878662109375
0
-0.060089111328125
0
0.0691070556640625
0
-0.0597381591796875
0
0.0695037841796875
0
-0.0593109130859375
0
0.0699615478515625
0
-0.0587921142578125
0
0.0705413818359375
0
-0.0581512451171875
0
0.0712432861328125
0
-0.057373046875
0
0.0721282958984375
0
-0.056365966796875
0
0.0732879638671875
0
-0.0550384521484375
0
0.0748138427734375
0
-0.0532684326171875
0
0.0769195556640625
0
-0.0507354736328125
0
0.0800018310546875
0
-0.046875
0
0.084930419921875
0
-0.040374755859375
0
0.093902587890625
0
-0.027191162109375
0
0.1151580810546875
0
0.0131072998046875
0
0.2254638671875
0
-3.9896240234375
0
-0.0889892578125
0
-0.144134521484375
0
0.0101165771484375
0
-0.1062164306640625
0
0.0304412841796875
0
-0.0935211181640625
0
0.03912353515625
0
-0.0872344970703125
0
0.0438690185546875
0
-0.0835418701171875
0
0.04681396484375
0
-0.081146240234375
0
0.04876708984375
0
-0.07952880859375
0
0.0501251220703125
0
-0.0783843994140625
0
0.0511016845703125
0
-0.0775604248046875
0
0.0517730712890625
0
-0.076995849609375
0
0.0522308349609375
0
-0.076629638671875
0
0.0525360107421875
0
-0.076416015625
0
0.05267333984375
0
-0.0763397216796875
0
0.0526885986328125
0
-0.076385498046875
0
0.052581787109375
0
-0.0765533447265625
0
0.0523529052734375
0
-0.07684326171875
0
0.0519866943359375
0
-0.0772857666015625
0
0.0514678955078125
0
-0.077880859375
0
0.0507965087890625
0
-0.078643798828125
0
0.0499114990234375
0
-0.07965087890625
0
0.0487823486328125
0
-0.0809478759765625
0
0.0473175048828125
0
-0.082611083984375
0
0.0453948974609375
0
-0.084808349609375
0
0.0428466796875
0
-0.0877838134765625
0
0.0393524169921875
0
-0.091949462890625
0
0.0343475341796875
0
-0.09808349609375
0
0.02667236328125
0
-0.10791015625
0
0.013641357421875
0
-0.125946044921875
0
-0.0129241943359375
0
-0.1690216064453125
0
-0.09539794921875
0
-0.400543212890625
0
3.958648681640625
0
0.2263946533203125
0
0.21697998046875
0
0.0395050048828125
0
0.1439056396484375
0
0
0
3.9999847412109375
0
-0.0619964599609375
0
0.0630035400390625
0
-0.0619964599609375
0
0.0630035400390625
0
-0.0619964599609375
0
0.0630035400390625
0
-0.0619964599609375
0
0.063018798828125
0
-0.061981201171875
0
0.063018798828125
0
-0.061981201171875
0
0.0630340576171875
0
-0.0619659423828125
0
0.06304931640625
0
-0.06195068359375
0
0.0630645751953125
0
-0.0619354248046875
0
0.063079833984375
0
-0.061920166015625
0
0.0630950927734375
0
-0.0618896484375
0
0.0631103515625
0
-0.0618743896484375
0
0.063140869140625
0
-0.0618438720703125
0
0.06317138671875
0
-0.0618133544921875
0
0.063201904296875
0
-0.061767578125
0
0.0632476806640625
0
-0.0617218017578125
0
0.06329345703125
0
-0.061676025390625
0
0.0633544921875
0
-0.061614990234375
0
0.06341552734375
0
-0.0615386962890625
0
0.0634918212890625
0
-0.06146240234375
0
0.0635986328125
0
-0.0613555908203125
0
0.0637054443359375
0
-0.06121826171875
0
0.0638580322265625
0
-0.061065673828125
0
0.06402587890625
0
-0.0608673095703125
0
0.0642547607421875
0
-0.0605926513671875
0
0.0645599365234375
0
-0.06024169921875
0
0.0649871826171875
0
-0.0597381591796875
0
0.06561279296875
0
-0.0589599609375
0
0.06658935546875
0
-0.05767822265625
0
0.0683746337890625
0
-0.0550689697265625
0
0.0725555419921875
0
-0.0471649169921875
0
0.0937652587890625
0
-3.99957275390625
0
0.0307464599609375
0
-0.078704833984375
0
0.051483154296875
0
-0.0709075927734375
0
0.055633544921875
0
-0.068328857421875
0
0.057403564453125
0
-0.067047119140625
0
0.0583648681640625
0
-0.0662994384765625
0
0.0589599609375
0
-0.0658111572265625
0
0.059356689453125
0
-0.06549072265625
0
0.0596466064453125
0
-0.06524658203125
0
0.059844970703125
0
-0.0650787353515625
0
0.0599822998046875
0
-0.0649566650390625
0
0.060089111328125
0
-0.06488037109375
0
0.060150146484375
0
-0.0648345947265625
0
0.0601806640625
0
-0.0648040771484375
0
0.0601959228515625
0
-0.0648040771484375
0
0.0601959228515625
0
-0.0648193359375
0
0.060150146484375
0
-0.0648651123046875
0
0.0601043701171875
0
-0.06494140625
0
0.0600128173828125
0
-0.065032958984375
0
0.059906005859375
0
-0.065155029296875
0
0.0597686767578125
0
-0.0653228759765625
0
0.0595855712890625
0
-0.065521240234375
0
0.059356689453125
0
-0.0657806396484375
0
0.059051513671875
0
-0.066131591796875
0
0.0586700439453125
0
-0.0665740966796875
0
0.0581512451171875
0
-0.067169189453125
0
0.0574493408203125
0
-0.0680084228515625
0
0.0564422607421875
0
-0.0692291259765625
0
0.0549163818359375
0
-0.071197509765625
0
0.0523223876953125
0
-0.0747528076171875
0
0.047088623046875
0
-0.0831756591796875
0
0.0312042236328125
0
-0.1260223388671875
0
3.998321533203125
0
0
0
3.9999847412109375
0
-0.0620574951171875
0
0.05914306640625
0
-0.06207275390625
0
0.05914306640625
0
-0.06207275390625
0
0.0591278076171875
0
-0.0620880126953125
0
0.059112548828125
0
-0.062103271484375
0
0.0590972900390625
0
-0.0621337890625
0
0.0590667724609375
0
-0.062164306640625
0
0.0590362548828125
0
-0.06219482421875
0
0.058990478515625
0
-0.0622406005859375
0
0.0589447021484375
0
-0.062286376953125
0
0.05889892578125
0
-0.062347412109375
0
0.058837890625
0
-0.062408447265625
0
0.0587615966796875
0
-0.0624847412109375
0
0.058685302734375
0
-0.0625762939453125
0
0.05859375
0
-0.0626678466796875
0
0.0584869384765625
0
-0.0627899169921875
0
0.058349609375
0
-0.06292724609375
0
0.0582122802734375
0
-0.063079833984375
0
0.05804443359375
0
-0.063262939453125
0
0.0578460693359375
0
-0.0634918212890625
0
0.0576019287109375
0
-0.063751220703125
0
0.05731201171875
0
-0.064056396484375
0
0.056976318359375
0
-0.0644378662109375
0
0.056549072265625
0
-0.0649261474609375
0
0.055999755859375
0
-0.065521240234375
0
0.0553131103515625
0
-0.066314697265625
0
0.0543975830078125
0
-0.0673828125
0
0.053131103515625
0
-0.06890869140625
0
0.051300048828125
0
-0.071197509765625
0
0.048370361328125
0
-0.075042724609375
0
0.0430755615234375
0
-0.0827789306640625
0
0.03070068359375
0
-0.1059112548828125
0
-0.0302581787109375
0
-3.9962615966796875
0
0.158905029296875
0
-0.011260986328125
0
0.0939178466796875
0
-0.0352325439453125
0
0.08123779296875
0
-0.0431060791015625
0
0.0758819580078125
0
-0.0469818115234375
0
0.072967529296875
0
-0.04925537109375
0
0.0711517333984375
0
-0.05072021484375
0
0.0699310302734375
0
-0.0517425537109375
0
0.069091796875
0
-0.052459716796875
0
0.0684814453125
0
-0.052978515625
0
0.0680389404296875
0
-0.0533447265625
0
0.067718505859375
0
-0.053619384765625
0
0.0675048828125
0
-0.0537872314453125
0
0.0673675537109375
0
-0.05389404296875
0
0.067291259765625
0
-0.053924560546875
0
0.067291259765625
0
-0.05389404296875
0
0.067352294921875
0
-0.053802490234375
0
0.067474365234375
0
-0.05364990234375
0
0.0676727294921875
0
-0.0534210205078125
0
0.06793212890625
0
-0.053131103515625
0
0.068267822265625
0
-0.052734375
0
0.0687103271484375
0
-0.05224609375
0
0.0692596435546875
0
-0.0516204833984375
0
0.0699615478515625
0
-0.0508270263671875
0
0.07086181640625
0
-0.0498199462890625
0
0.072021484375
0
-0.0484771728515625
0
0.07354736328125
0
-0.0467071533203125
0
0.0756378173828125
0
-0.044219970703125
0
0.07861328125
0
-0.04058837890625
0
0.0831451416015625
0
-0.0348052978515625
0
0.09075927734375
0
-0.02435302734375
0
0.1060028076171875
0
0
0
3.9999847412109375
0
-0.0621185302734375
0
0.0555267333984375
0
-0.0621337890625
0
0.055511474609375
0
-0.0621490478515625
0
0.05548095703125
0
-0.0621795654296875
0
0.055450439453125
0
-0.0622100830078125
0
0.0554046630859375
0
-0.0622711181640625
0
0.0553436279296875
0
-0.0623321533203125
0
0.0552825927734375
0
-0.062408447265625
0
0.055206298828125
0
-0.0624847412109375
0
0.0550994873046875
0
-0.062591552734375
0
0.05499267578125
0
-0.062713623046875
0
0.05487060546875
0
-0.0628509521484375
0
0.054718017578125
0
-0.0630035400390625
0
0.0545501708984375
0
-0.0631866455078125
0
0.054351806640625
0
-0.0634002685546875
0
0.05413818359375
0
-0.063629150390625
0
0.0538787841796875
0
-0.06390380859375
0
0.0535888671875
0
-0.0642242431640625
0
0.0532379150390625
0
-0.064605712890625
0
0.0528411865234375
0
-0.065032958984375
0
0.0523681640625
0
-0.0655517578125
0
0.0518035888671875
0
-0.066162109375
0
0.0511474609375
0
-0.06689453125
0
0.0503387451171875
0
-0.067779541015625
0
0.0493316650390625
0
-0.0688934326171875
0
0.0480804443359375
0
-0.0703125
0
0.046478271484375
0
-0.0721435546875
0
0.0443572998046875
0
-0.0746307373046875
0
0.0414276123046875
0
-0.078125
0
0.03717041015625
0
-0.08343505859375
0
0.0304107666015625
0
-0.092315673828125
0
0.0182342529296875
0
-0.1100616455078125
0
-0.01007080078125
0
-0.162628173828125
0
-0.1461181640625
0
-3.9797210693359375
0
0.2949371337890625
0
0.0576171875
0
0.136962890625
0
0.0004730224609375
0
0.10693359375
0
-0.018096923828125
0
0.094329833984375
0
-0.027191162109375
0
0.08746337890625
0
-0.0325469970703125
0
0.08319091796875
0
-0.0360260009765625
0
0.080322265625
0
-0.0384063720703125
0
0.07830810546875
0
-0.0401153564453125
0
0.0768585205078125
0
-0.0413665771484375
0
0.0757904052734375
0
-0.042266845703125
0
0.07501220703125
0
-0.0429229736328125
0
0.074462890625
0
-0.0433807373046875
0
0.0740966796875
0
-0.043670654296875
0
0.0738983154296875
0
-0.0438079833984375
0
0.073822021484375
0
-0.0438079833984375
0
0.0738983154296875
0
-0.043670654296875
0
0.0740814208984375
0
-0.0434112548828125
0
0.0744171142578125
0
-0.0430145263671875
0
0.0748748779296875
0
-0.04248046875
0
0.07550048828125
0
-0.0417633056640625
0
0.0763092041015625
0
-0.0408477783203125
0
0.07733154296875
0
-0.039703369140625
0
0.0786285400390625
0
-0.0382537841796875
0
0.0802459716796875
0
-0.0364227294921875
0
0.0823211669921875
0
-0.034088134765625
0
0.0849761962890625
0
-0.031036376953125
0
0.0884857177734375
0
-0.0269622802734375
0
0.09326171875
0
-0.0213165283203125
0
0.10003662109375
0
-0.0130615234375
0
0.11029052734375
0
0
0
